973
298
439
526
391
809
879
910
621
144
339
918
471
444
935
961
546
607
225
825
161
259
154
414
875
788
626
705
124
504
960
581
990
654
732
424
616
537
641
79
899
139
326
586
933
177
337
354
350
967
894
797
193
368
169
842
334
38
254
244
442
538
466
248
456
138
741
708
39
703
820
11
491
799
752
68
717
202
624
959
45
955
822
563
600
670
584
449
87
930
932
151
229
643
474
136
802
666
95
272
890
134
982
971
353
344
679
223
998
905
566
46
545
490
20
785
342
896
681
162
521
753
54
726
668
192
362
188
179
698
159
50
543
852
460
568
962
330
372
771
3
147
634
604
405
486
57
27
383
774
386
843
942
208
488
217
395
865
594
761
928
323
831
605
85
255
4
873
470
909
396
968
653
218
558
912
221
214
610
129
840
275
269
702
475
423
489
245
519
321
70
332
943
804
111
23
239
709
171
128
524
73
567
158
215
69
536
793
173
140
676
361
5
848
644
146
434
363
120
978
534
103
712
36
588
529
477
721
883
902
216
997
74
56
93
450
944
446
301
436
360
695
516
916
832
706
673
311
760
264
167
426
806
288
476
946
133
313
14
808
622
828
32
189
723
340
574
40
891
261
951
63
713
979
99
501
393
850
150
776
927
196
463
65
114
773
184
539
517
833
210
855
318
748
280
0
837
889
310
677
445
441
315
598
349
553
459
583
278
458
276
606
295
123
411
608
520
198
938
718
614
798
720
762
220
430
512
404
394
289
585
406
195
640
781
33
754
400
682
201
696
371
592
631
851
292
373
251
711
953
49
358
627
399
685
686
25
207
249
8
71
756
763
525
148
886
964
531
744
697
678
30
515
60
792
876
577
742
758
357
206
233
482
267
37
989
819
365
656
137
319
257
892
1
659
523
937
860
182
814
922
286
228
827
724
266
552
55
858
451
222
153
500
260
235
464
211
274
675
176
433
453
2
782
86
100
42
90
109
991
923
53
722
766
6
743
796
51
378
980
737
807
427
282
940
869
514
417
669
658
787
329
963
701
174
498
234
948
35
172
513
867
664
661
994
907
309
735
612
818
745
155
331
767
469
487
374
965
660
398
308
76
418
279
769
731
478
609
390
287
647
854
416
106
67
240
674
345
200
775
175
926
336
645
790
738
252
503
569
874
913
535
59
981
227
757
815
108
199
437
468
415
580
834
683
435
367
511
602
829
135
219
127
623
911
80
317
443
62
152
377
18
52
579
619
786
44
633
625
548
931
157
925
950
765
509
880
571
64
495
356
113
881
632
847
560
253
694
987
34
908
185
986
995
901
841
376
751
836
882
116
895
98
187
688
355
590
533
639
61
996
764
284
593
549
597
789
293
385
387
325
13
862
112
813
473
297
256
830
312
347
780
542
268
24
975
181
452
370
265
845
366
143
690
576
242
824
555
375
47
772
425
160
988
888
170
168
230
359
662
250
929
648
551
31
812
952
749
285
791
920
716
9
247
510
893
132
803
82
432
947
440
768
508
554
884
78
587
958
601
262
465
945
734
725
651
327
868
273
205
454
599
420
141
204
163
582
559
324
541
522
719
149
17
684
413
649
502
213
341
885
322
431
22
637
835
496
544
119
226
438
692
817
878
993
165
853
778
461
10
505
92
870
448
954
849
540
115
316
570
299
561
121
650
243
898
844
302
364
730
388
12
565
178
528
613
699
29
290
492
294
919
499
779
180
750
877
343
665
380
591
527
777
48
66
296
635
903
389
821
689
985
110
183
484
271
575
479
596
305
805
595
41
209
241
917
687
642
493
863
258
680
130
983
303
976
629
281
693
710
351
369
578
859
447
392
401
739
142
21
307
422
407
58
530
485
783
89
384
657
212
291
328
72
915
77
784
801
956
589
638
101
969
203
618
871
83
747
403
887
75
224
671
194
26
382
740
232
320
921
620
304
655
335
727
746
131
704
166
237
126
992
897
455
419
186
864
333
91
197
379
43
314
283
729
838
15
352
412
409
856
550
866
104
636
117
481
122
957
277
728
408
118
999
872
924
164
630
672
900
467
497
483
96
984
190
236
939
810
974
472
949
941
823
714
904
156
839
105
28
270
88
755
700
457
19
428
966
421
518
97
191
410
861
715
936
794
816
246
263
556
7
231
826
811
707
733
462
646
480
348
617
691
381
628
573
494
572
603
562
306
145
107
977
532
125
800
94
972
338
857
16
615
663
557
795
736
652
102
564
770
397
402
970
846
346
81
611
300
667
506
906
238
547
934
914
507
759
429
84