64
4850
4500
1631
4807
4367
3740
1467
2988
316
1281
3582
1964
3452
3599
916
4003
2809
1829
3976
98
671
1242
4675
4371
782
3743
3650
4473
3802
3014
4606
3142
4507
3066
468
3575
4549
3996
3179
313
3135
431
1507
1451
1656
4205
3586
3023
4558
1253
1224
3804
4061
3308
3675
4612
141
4602
1349
3218
1668
2308
3340
264
1811
307
998
2125
2753
4882
2978
3689
322
2398
3232
3673
4059
1880
2210
340
359
1850
864
4509
3897
3603
990
960
2303
224
1857
4169
2907
149
779
2434
2507
1394
1917
2306
2822
2843
36
4392
1678
4337
1423
2761
4525
1047
774
4605
1622
1912
2476
2770
4125
252
1907
3760
857
2455
4830
4154
1588
2727
3830
3768
4781
4289
105
2818
2311
4170
954
4782
1237
4129
3051
2283
1659
2130
1923
3595
2199
3632
350
1292
3987
3384
1495
2154
12
3684
1170
1572
1372
2881
828
2630
2777
2723
3942
2134
4800
1105
3984
3247
2403
3957
1049
3825
801
4659
547
2736
4314
3002
4077
3009
1108
2033
79
2201
900
1030
2132
4966
2265
239
1243
2912
1766
1460
1493
4730
2938
884
1792
764
2015
4386
1993
394
4925
355
4198
1914
3566
4322
4326
289
4305
76
3974
4043
2956
2111
4578
2772
3120
3784
3964
2267
1806
1775
3968
3290
2163
3702
2975
3466
309
4907
3359
4717
1406
2637
3499
3475
756
949
206
3870
1896
2008
2608
283
3863
4515
3789
3168
2562
827
2828
135
4380
4403
3661
2135
524
4714
3790
3085
4395
1625
3182
1731
1004
2740
4147
2592
4835
233
3536
3220
270
4792
1144
3118
2280
2679
1576
109
338
2376
1185
2808
934
639
1805
1299
3694
227
3896
583
613
1232
78
4968
2319
180
889
2878
253
3853
3225
3869
3342
4904
810
550
4641
357
1900
4841
3628
52
2832
2170
428
1948
1494
1570
1143
3044
34
3402
2789
4640
868
4990
4867
837
3006
2595
1673
2659
1620
3197
2214
3324
4449
3696
2627
4696
907
1344
4577
2249
4963
929
4732
2357
3111
4239
2193
419
2261
4581
1138
3888
4597
1139
1177
3183
647
4965
72
1884
1044
3354
881
466
1251
1754
2012
1834
1164
2452
2018
4482
2301
4946
3776
807
771
2296
3543
1097
3249
4785
3083
455
1500
23
531
1554
4393
4352
2411
3710
1326
45
2082
4223
2143
2346
3368
1083
3940
3375
899
1269
1258
1
4149
663
4195
1399
2610
1461
4150
489
3256
890
1936
745
4240
2650
3154
4941
3298
3723
3624
4158
2048
2705
3409
1951
1271
3074
465
4271
2491
2486
3639
2952
4953
1000
1277
2244
3707
734
556
2392
2440
3412
1976
3163
4099
869
4118
795
1871
4094
4989
1280
2902
1480
153
3720
1818
2166
2982
2977
2043
3928
1120
3535
3980
1996
1195
2514
1278
1099
2590
3226
2316
809
1086
1897
2073
2239
1757
4496
4508
1692
275
3927
4007
2968
3596
4822
751
3172
3903
4611
3911
4888
4342
1919
2853
1208
2086
4119
1747
1547
3715
1552
150
3431
4564
4760
2150
1282
1735
4204
1854
3515
3146
2826
4040
4382
377
2420
1131
2561
3910
4639
4106
3951
3634
3270
3313
247
789
3115
931
446
1940
1231
2183
921
1510
238
4674
215
3966
2369
1339
177
1311
1270
2112
3296
4465
1257
2539
4712
1600
2545
1819
2341
2197
3003
4360
174
4883
4539
3651
1216
2638
3861
4222
1476
1832
4913
4480
1532
648
4307
2750
1010
3606
2336
4709
983
1060
48
3610
3617
2838
1149
1599
2213
1579
933
4036
4494
2728
3503
3086
490
4436
1783
2710
1381
4848
1985
3560
2487
3338
3601
1645
2091
2230
3752
3873
1822
3323
1797
1158
1482
1846
2537
196
3443
1211
3212
3143
2374
4398
2524
4199
1051
1029
4185
2690
752
1123
2198
30
4889
1634
13
528
3325
4603
2682
4095
306
4693
4620
1841
3127
631
3239
4426
2385
1627
2703
4619
1276
2019
3854
1186
2571
4110
81
250
4568
2990
4803
4960
3857
4301
2953
4986
2212
3244
3061
1410
4347
765
486
3813
573
4779
4488
666
4422
4108
4469
4939
4415
525
3685
4933
3248
1866
2234
3187
4919
389
1530
1648
3533
3188
4058
3131
909
4756
3498
3807
1800
383
3538
3805
2121
3620
1359
1999
159
1933
301
1001
1313
2991
2131
2245
3534
2331
411
3269
1802
4875
299
536
1958
3489
912
2840
1329
1043
2284
1203
4778
4796
4489
2495
2973
1730
1427
1091
3184
1080
2849
480
4491
189
94
1813
341
2113
2901
3989
2264
4357
386
4018
2031
4248
3838
1943
406
25
860
939
2961
1672
746
2095
3133
1175
1734
143
4044
667
2851
3159
3438
4921
2559
425
4334
3424
3010
2643
3138
3399
914
2126
3600
3194
193
3259
2509
3018
4931
4837
1594
2564
1955
364
1368
2141
3047
3258
3139
46
3963
2013
2734
3948
3704
3900
3683
2129
3121
4701
4672
739
3709
2633
3024
1650
4316
1130
3080
1069
2117
3379
927
2910
4062
2289
2046
198
10
4808
1503
3347
3732
3301
1801
4533
4092
3698
3374
1823
744
1724
4573
588
4466
376
1287
3539
4906
2721
3299
622
481
2429
1389
385
3923
3302
887
4576
1808
4861
3640
2547
2500
4327
3917
2071
723
3529
3033
3260
2305
3170
4354
2645
4433
3427
1317
2314
3474
1886
3531
1267
2875
3636
2820
1014
204
1429
4591
3657
4881
2615
2722
853
214
2760
2565
4519
1774
1306
243
2384
4798
3317
1748
2062
3679
4851
1176
2395
4731
3294
1929
2780
2014
4804
1428
4719
2259
4884
4264
4032
1061
1567
3283
4610
794
4493
3210
3736
2287
4646
3472
2433
2696
2976
4876
1583
3069
3783
103
2713
3491
3328
2634
1490
267
2315
4820
1215
2253
3892
3422
2942
2254
2697
630
3525
4091
1134
1115
3921
2138
3666
4350
652
426
4459
4280
2835
201
1873
4868
4896
2955
1906
1234
664
1190
4460
3773
0
182
2937
1839
4321
4432
1418
3587
2732
3091
1491
1315
3806
3271
4780
3164
4586
1785
4534
246
4268
1382
3355
1548
1568
4642
197
872
1502
3079
673
9
3522
3068
1133
783
1077
1159
29
2868
2541
1248
21
4762
3972
1736
1126
3343
4416
769
3344
3205
1533
7
1350
4666
232
1577
3728
938
1398
2774
4241
1541
3967
1321
1053
4824
1695
1459
3730
1178
3794
4749
1967
1121
3762
1452
2004
401
659
4604
111
4668
3523
4225
1561
2216
549
4698
811
2648
504
117
1417
3961
2833
814
4748
705
484
3713
3843
3754
2497
2911
3433
2628
2042
4864
4789
1889
4390
1528
54
1932
3800
985
650
4476
2151
710
843
4998
4396
3029
2806
2936
3234
62
2597
3329
1040
4862
2966
3292
3584
906
1021
2407
254
1761
1140
696
2515
4421
4348
700
1128
2552
2260
2022
1665
3759
2747
986
3486
2499
311
4166
4596
3571
4940
4917
4621
4860
2542
1052
4595
1618
2543
2422
295
1965
693
4588
4833
4747
1874
169
1155
3178
602
1847
2092
2421
185
1973
554
3944
4869
1632
4230
1038
3939
4021
1702
1205
2442
1969
4580
461
632
1424
3975
409
3609
2272
4028
1032
4726
842
1366
190
2477
2359
1842
1791
4994
1585
2876
678
3476
498
1545
1837
3432
278
1012
895
552
3243
393
4495
4570
4265
3460
719
597
1740
3747
3468
95
4304
3385
1104
1330
1860
3614
725
2107
3562
858
82
3167
4955
3046
2517
2616
4254
1529
2984
886
3235
4341
3221
3365
1497
1481
4089
2051
4735
2168
691
69
456
296
548
2137
3282
4290
61
4259
4593
3706
4628
1473
1314
3401
3388
2228
635
2641
870
816
2313
1305
627
3906
414
4267
1974
2387
3414
4063
2307
4599
3076
4971
4397
4246
4167
2333
2192
4402
3834
4369
4975
1647
2859
1833
2579
4682
3204
2484
4224
3266
1640
168
2026
2146
928
4251
3765
429
2947
1284
2468
2759
4056
2996
4418
2672
1799
3502
225
2471
1988
4552
2078
1515
3977
4023
4424
898
1688
2383
4080
4025
3478
2165
3761
3389
1247
4790
4585
3604
4017
1868
2227
207
2256
1539
3268
4857
3335
4046
2024
284
4245
3836
976
2692
2083
1795
3725
356
4070
4775
4629
4344
1623
4825
3312
2149
507
1171
4293
2989
4317
113
1607
3654
1031
4363
4942
3742
53
4041
3792
4213
1992
3034
538
4479
3885
1855
1671
155
968
3886
3040
535
1649
2128
3817
4160
591
4423
380
3995
2914
4902
4029
4471
4444
4681
1605
4042
4228
263
1003
2255
184
1864
3849
2928
3905
3881
1415
641
2700
4615
1377
2656
211
772
4134
2208
3930
129
4764
4684
1487
1604
3750
3876
3932
1304
1094
4420
1354
336
586
4518
3791
3520
1202
2927
3866
4102
4637
4434
4417
3455
1074
2681
880
1629
4541
1387
1689
1328
1504
3084
3285
4097
2372
4987
4272
766
1194
2794
4517
3862
1471
871
3175
3237
4521
3216
4743
3988
2373
1506
4485
136
2188
5
709
3035
4985
920
1071
2896
1516
3605
395
2011
3621
281
3590
961
3487
4335
3546
1438
2236
3016
4948
2771
208
2039
3724
3386
2419
1925
458
3764
1474
1147
3261
1513
4776
2268
4260
2767
3304
1067
3021
4172
4375
4530
3281
570
3436
4645
1658
1758
1750
437
3552
4763
2127
3361
790
15
3383
244
28
1982
1990
3382
3461
1686
1430
2512
3307
1166
4542
2356
1626
4547
265
2776
2969
1537
4582
3492
104
6
154
1961
3400
527
1798
367
905
979
1421
4810
2730
3479
3808
449
1374
2035
374
4116
587
713
1262
4546
3116
4587
1954
926
3242
825
4455
2122
4575
2381
913
3231
1300
1090
4806
4524
297
3568
3166
937
1918
2027
1946
1790
4053
1941
867
4636
3473
4221
1518
4815
1095
4819
2856
3959
4010
3264
3490
3100
3583
3351
470
742
1997
2787
4428
4146
2058
2871
3447
4724
3274
2023
4045
434
3255
4697
636
3005
4734
3394
382
3356
4852
3366
363
1297
3200
2332
851
4463
3864
1373
3763
3674
1944
3949
3360
4499
1780
2235
2640
806
3430
2155
3291
2005
2370
714
3717
1225
4794
51
272
2191
4011
604
1522
3209
576
3481
248
3096
219
4535
2813
1602
3230
4235
532
3509
3544
4330
3087
1250
4844
4365
4456
35
3973
951
1685
2766
2943
1489
3573
1712
2874
2979
2009
1966
39
4673
567
3418
4935
1013
4130
3413
2124
3094
1296
2958
1519
448
4079
4679
1436
4131
200
4233
609
559
2103
1189
819
980
3868
1693
3393
1681
2094
2704
2706
2290
38
3519
3156
2295
922
4556
1450
3435
4504
1525
3712
2285
4413
4020
4192
1743
1037
1540
4389
1968
3286
1534
753
4175
3832
2632
2494
162
4874
3054
3894
1403
2661
119
3037
4440
1148
1484
3103
423
3841
494
1046
4967
1324
4694
366
1309
1036
3161
2483
2485
4727
4977
4618
2945
2430
3471
3293
3933
1252
4238
339
1085
1807
1293
166
1214
4914
506
2469
4870
1937
1016
1592
3017
3653
3434
170
2323
1404
4801
1616
221
649
1589
1981
4643
4332
4331
2220
977
1661
2277
3367
3077
3831
4033
3637
2482
2045
2678
158
2652
4988
2800
2795
1327
1124
544
4777
2246
4742
1913
1017
4751
4446
2815
2474
4300
1949
88
3391
4302
4834
1401
3429
3306
3751
563
1677
1168
3316
3734
1376
4487
2196
2967
1087
3041
4187
2924
2105
2460
2923
3222
514
2983
4171
4847
349
2526
2917
2877
1236
4243
4840
1901
2269
1817
1869
4311
3565
2379
4791
3064
2056
1266
1335
3524
2729
1905
1549
2792
3151
271
615
773
4951
37
3371
3823
4898
1727
147
2096
4068
3708
3548
1355
1633
84
2573
3527
2830
4767
1028
4443
330
67
1699
637
1419
2932
3956
348
1455
629
759
2059
4937
3663
1129
1746
282
229
3991
4562
3117
4294
2675
1345
1930
4407
3645
1638
4846
3280
1260
894
3887
3289
3574
1346
2050
2488
3591
335
1054
4031
3310
4885
203
1048
2531
3053
22
373
1816
442
4096
2819
3464
1571
1221
2414
4512
496
1286
2503
4336
500
728
3914
2038
2123
1112
1302
1555
2087
125
1883
2147
841
56
3882
2858
503
3500
910
958
130
3245
1788
2533
1084
1342
2798
4923
1956
4550
1273
287
1777
901
2972
2505
412
2824
4624
3611
944
1601
2020
3420
2636
4744
1283
2399
620
3267
1711
2915
2065
2423
3929
1635
2894
315
266
4828
3727
1753
1316
1952
1263
2466
3821
1995
372
4829
2578
3962
1662
1762
4662
3273
1181
1928
3125
2400
116
715
3105
4394
3020
3960
43
1200
3953
3233
822
1910
4916
594
3449
1924
873
2919
1323
2765
2745
2625
697
3505
1063
2229
1348
1256
4057
2658
1201
4956
3011
2719
941
589
3547
1904
1535
1337
3482
2801
4786
3070
2335
1289
815
4720
4441
2475
3071
616
1755
2842
2187
1531
2070
1591
2999
3699
280
1760
1390
1116
3545
866
47
4543
1543
3549
2243
512
3060
3089
2223
4376
1426
4647
936
844
183
1034
439
1076
3904
2540
4297
2613
1714
1301
292
1983
1340
1343
786
3311
1501
2884
164
2751
4690
568
1888
4153
4242
1042
4179
644
3714
2895
2717
874
1218
430
4065
1763
2931
2748
1246
2049
3257
4024
2158
3050
3028
2783
2631
2714
623
3557
1557
2312
2825
1167
1920
4105
4594
2535
3508
3631
1135
831
957
2190
1360
1597
3833
3195
4746
1078
4514
4082
4283
4163
1361
3408
2344
3721
4430
345
2880
1953
2618
4285
612
3644
4073
210
2827
1114
40
4340
626
3045
987
2684
3874
4936
444
68
499
3279
802
4111
675
2317
2226
4429
546
2804
4014
3305
361
1646
1485
2479
2077
1448
404
3670
684
1238
2797
2343
1676
4486
712
148
2177
4787
2617
788
3880
2408
681
896
1856
1613
241
2472
3506
2496
231
4741
3171
3798
3488
3219
4877
3458
4122
1172
1643
1408
407
4687
1624
3580
4997
1781
33
3477
2185
3364
370
2458
740
1150
2205
1241
1005
1409
4281
1109
1715
3278
2348
4538
2017
1479
3803
4184
4900
1367
4843
1859
1275
674
3153
3022
3337
2404
124
1444
596
930
2257
2448
2733
4688
3918
436
3658
1025
2109
1611
3140
3667
994
3656
2784
2796
2044
4218
2184
4004
4503
1590
3106
1110
4208
669
915
4373
670
3336
1496
1213
4671
1935
1229
1898
1713
2920
2782
687
3345
1111
334
1963
1737
3341
749
1887
1776
1769
1844
3693
754
4343
4609
3983
1356
1475
4088
4644
127
698
187
2502
3908
1413
2993
87
1612
2624
44
4526
2995
1092
3735
3588
2055
699
4492
360
1065
4262
4168
4759
4090
4193
3157
1456
2614
4893
2340
3149
1470
1308
861
4648
1088
4817
3623
3147
2620
2687
4220
19
694
2702
836
2554
4038
310
365
3969
727
4721
2572
1752
1586
3174
2282
477
1975
3378
4190
1718
545
2090
4474
101
4797
4016
3550
195
3110
2962
3872
3102
4816
3145
850
4155
399
2271
2291
4055
2209
2773
2981
2233
642
3818
1472
2817
4364
4405
4203
3788
981
3000
351
2327
1402
875
24
4385
2569
3295
1106
2671
3398
319
3681
4918
176
2481
847
3300
656
522
305
3288
2142
4704
2076
1644
2612
4345
2351
2994
539
529
1509
1809
115
3954
3246
3958
2140
763
4472
4161
838
3480
2847
4087
2635
1432
2299
400
134
3678
651
1319
375
2088
2906
4506
4532
729
1039
1259
2549
672
2427
2148
832
3180
1379
4188
3767
4635
142
4151
337
4676
4098
192
332
1018
892
1765
834
646
797
460
4651
3376
4349
4949
4705
3612
1793
1947
1435
108
2443
2987
3844
695
4924
2001
2156
1852
978
379
1118
145
2676
1153
3985
935
4725
621
89
4520
2718
2908
3625
3510
4572
49
2664
3659
4381
4657
3326
1764
953
1779
2473
4442
352
4812
1840
1332
2028
2084
3275
191
3012
2367
218
4560
2310
2900
1145
50
760
4152
3858
2066
4928
362
4912
4548
1478
422
3446
1708
1425
634
4214
3176
4362
830
3602
1703
2854
4378
619
2251
1538
495
2441
1876
530
4761
1169
1521
3042
2240
2518
4886
3036
3454
2498
533
856
1523
212
2390
1651
497
3186
2913
308
3757
63
3950
1945
2677
4141
803
2898
3931
1068
3898
608
4002
4930
4054
3729
1524
726
4210
1977
4909
1654
3358
4277
4958
1325
1971
4194
3202
792
3227
2606
3558
1397
4145
3048
997
4412
3067
2362
3437
2834
4713
4127
2598
3907
441
3177
2161
741
3655
3576
4039
4555
2980
4445
4049
3043
487
4710
1122
41
4972
4454
1492
4457
565
3978
3444
516
1573
303
2435
121
346
3756
2802
1610
2758
4074
1696
4873
4388
4758
2294
4368
1483
676
3465
4849
1199
2872
4112
3738
883
4627
708
2657
1527
1154
4269
4571
4715
1921
2159
1142
329
3193
4387
2724
1878
3594
685
1786
172
2694
1994
2841
4319
1160
4633
3158
4938
4973
3160
1498
3134
3026
1827
3276
3392
3979
1826
515
482
1863
2662
1751
3236
4464
4009
4983
417
2544
391
3796
4574
526
706
3690
4206
4315
420
447
344
3585
2575
59
1745
2153
139
605
2355
3819
2010
2951
2707
1759
2886
2693
3564
2040
1782
427
93
42
4275
724
3642
4008
3746
3777
3598
4425
4738
1466
4159
2036
3284
607
2025
829
1942
4309
1395
3895
735
1089
4156
969
4707
1072
2546
353
553
904
2152
1228
3250
1720
732
1683
2882
408
1019
2558
962
1261
1835
4481
3469
1249
3530
4859
4113
1652
743
614
1957
3935
3608
2157
2538
4947
598
1184
541
3748
3339
1987
440
4711
3495
4584
1132
704
4067
4069
2293
3063
1682
3884
4093
2334
1984
1303
4060
3081
4908
369
291
1578
3092
3107
343
4617
2593
2262
2655
4553
2300
3936
2749
3812
2250
768
1998
2964
2933
1870
770
2870
4569
1615
2873
4438
4836
4453
4308
1264
3049
3691
1137
3772
2741
2470
4477
2115
4351
2286
122
2224
1009
1938
560
3141
4212
2178
1741
733
3512
3362
2742
1362
1687
4295
2556
4996
3518
2003
686
3901
4439
258
1449
3348
2221
4600
2699
4358
4976
387
1867
3731
114
2136
1721
2063
1295
885
4138
173
3553
11
2302
451
403
3569
1431
653
160
276
245
3889
3613
2388
471
2067
4853
932
1209
2588
972
3426
1621
3589
2743
3787
3668
4757
3633
4755
2328
1909
2173
4736
1575
4372
3238
903
3192
3856
959
2329
3287
286
1970
1722
3031
4703
4196
2353
3705
4700
1564
3848
3507
4722
2639
1569
542
776
392
2493
1364
2941
4237
2673
692
1245
862
4299
2584
1458
775
2114
1220
1885
2521
97
3915
1288
4406
3377
4740
2846
2844
4135
3128
1664
2508
1331
2791
943
4261
1041
4346
3847
4559
3095
2029
14
625
4142
1338
2489
4048
4920
2054
2609
1207
2585
1894
1196
2450
235
3405
1020
2418
2252
1117
1725
3363
472
1979
2653
2510
4451
1443
2799
1380
4887
2273
1865
3185
821
1804
4922
520
4579
4226
1347
578
2905
1812
4895
1916
368
85
574
4148
3677
737
4695
3445
2837
4961
1717
2887
4120
4401
463
3570
1580
3891
2623
2237
1931
4126
462
3152
4664
4274
4291
3579
1739
2444
4448
2926
479
581
888
4333
2511
577
572
4658
3419
249
20
4229
4176
1102
4276
4232
416
767
566
388
2304
236
4279
1619
2663
4823
4832
3058
911
2174
606
1230
1542
924
2600
731
4770
1700
4952
1023
2666
2200
175
4964
2586
3965
2119
808
1383
1235
1903
2596
3846
1784
2432
4623
4892
77
4845
3038
2410
3441
3785
3416
4227
3504
3372
3770
473
126
4313
3701
2322
4879
655
3201
1962
3943
893
689
3013
4566
3692
4103
4133
3082
1606
4374
3206
519
3196
1222
3567
3075
4081
277
4257
1239
223
4162
785
3875
3555
4561
975
4622
4255
3463
3680
3835
4932
1556
2338
2074
4910
4359
730
3662
2536
2219
2599
1026
3484
324
4788
3407
2786
4739
2069
4114
3098
2861
3059
4716
2238
2689
2461
106
4753
4551
4164
2940
4838
1127
18
4614
491
820
2866
2133
3390
787
2574
3148
474
1152
1075
1767
2670
2688
4414
4178
2929
228
1226
3828
3859
1789
3052
2805
4437
2909
964
2478
1441
4019
1386
2360
226
4498
2446
2337
3646
2247
2839
1265
1598
1749
3837
3607
4511
2949
558
4750
3208
1268
4772
3396
1771
146
2557
4399
3155
1690
4854
4143
3919
2431
3920
2954
4278
4292
2867
2182
1093
2611
1272
1240
1558
3865
4404
1057
1469
3925
128
1566
601
3169
2848
4000
748
582
4766
304
4616
110
333
3945
3493
273
1512
4652
3782
4252
501
2354
4631
4100
1879
2258
2883
2775
4411
1684
2935
2242
1341
2445
1927
17
2288
1675
2248
2061
234
2203
4528
1560
780
4665
3099
1991
638
3994
4544
3008
1294
778
1440
2607
4865
1511
585
1908
1477
4567
2231
876
57
4773
4502
1704
2504
1705
4632
1163
817
1062
1939
2030
27
4263
1274
1388
2527
777
4608
4183
3357
3635
3947
2006
2366
3055
3993
2080
4745
1581
3827
1334
99
848
418
216
435
518
2950
2589
3871
1553
3334
438
2959
3676
4253
523
717
4718
32
4692
2865
2002
2320
3112
3451
3
3842
4355
1614
988
2409
2566
1609
4855
3755
4027
3597
1136
4284
757
3616
4231
4310
1453
2490
3542
384
4981
4856
640
2108
4959
4447
3314
2034
3855
3883
3671
4774
3198
1803
2393
1081
2621
3090
658
2139
3999
3057
4
4827
721
1420
3934
973
2162
1066
859
1370
3955
645
2892
485
2701
1233
3113
2735
2110
4329
3404
1113
4026
2555
3737
564
217
3456
1405
703
1778
4085
2921
4995
1911
3241
8
4669
3373
70
2889
4799
4897
4590
2763
74
4022
288
1187
1559
1891
1322
942
4974
579
4818
4670
1694
2378
3824
2649
3122
3501
3840
1520
3496
610
3423
4209
3986
452
2619
3228
3926
2603
3771
378
314
256
2438
593
4863
624
433
3331
432
152
1210
2680
796
4282
718
852
323
3811
3073
4523
4934
4982
2551
2712
3946
4991
2532
1821
4173
4320
4419
4219
2522
2963
3879
3860
3641
3629
1462
1182
762
798
3252
371
312
1630
58
3990
799
2570
3015
1858
1414
3173
918
3462
3810
3511
2857
2762
2424
1353
1723
4655
2451
2998
3829
505
1192
3333
738
2492
3938
1830
3649
1742
2523
2803
679
165
4858
1188
3563
1183
3114
4258
1768
4957
3025
617
4529
2779
4256
4323
3211
4685
660
1517
4066
2324
923
285
4516
96
2746
3718
4072
2810
4962
2465
2916
4075
513
919
1151
1642
2195
3032
3924
2464
3097
1008
4945
4361
4979
2186
4915
2602
4180
4047
3739
83
4216
2415
4015
1146
3551
3799
1915
1595
4650
603
3403
2946
618
925
1851
2
4905
2863
3262
156
1679
1772
1422
1691
2425
1881
2971
2118
1733
4677
1738
2726
3387
4400
4325
4601
967
3695
3912
73
1603
716
4660
2891
4653
1035
3722
4943
450
4522
4201
1875
2342
2382
167
1198
347
2904
1670
1336
261
3952
410
3851
575
2622
3970
4501
781
1596
3774
2406
4765
3272
3108
405
4771
2401
2339
654
3766
974
1412
65
326
4872
331
1064
840
3758
1831
3321
2709
3513
2563
1007
3982
3744
318
4338
3780
4312
3753
4969
1574
2583
2363
818
511
3537
4128
140
1934
965
55
358
3801
1666
3165
2298
3129
2279
2944
4483
3213
3349
1375
2060
2326
4236
1701
3526
4563
2204
3540
3191
2768
711
3457
4197
1254
3686
2171
2364
1893
493
151
298
963
1853
2449
839
2081
4452
3442
4598
91
3556
3797
1960
854
1433
3124
4497
4139
161
2194
4186
3126
657
502
3319
2101
643
3793
2553
784
633
2116
2869
2389
3775
1843
4478
4927
112
2744
804
2601
138
2104
3890
2668
3101
4891
1173
720
1828
4076
3265
1810
242
2939
1660
955
3559
1442
2386
4880
2737
2057
2412
4001
1710
4431
397
90
946
132
179
171
833
3001
2812
1400
1465
534
4536
4630
2788
3019
4475
2695
4121
2829
508
2568
4207
4708
2506
4768
992
584
1098
4086
1565
2172
863
1861
1217
3039
4583
1351
1437
2738
3682
4467
2903
443
1814
517
2992
1416
1363
92
26
688
2548
4409
1756
4626
123
16
835
571
325
4377
2428
71
966
2885
3877
2965
2106
1824
2651
3150
2270
4793
2325
1204
2974
2821
736
2436
2807
1125
3981
328
3745
2439
2591
1197
1050
683
2581
1820
257
1697
1434
4540
3577
1978
4117
4813
2225
2793
157
2380
4157
3809
1848
3561
4663
3494
4104
1877
3733
4408
4083
321
1027
2211
2752
3592
3878
2052
3816
561
1719
163
1073
413
2685
3581
4165
1310
4050
2674
1396
3397
1488
3056
1058
478
4484
3997
1393
4051
2686
3572
469
1587
398
3072
4356
4802
2899
2405
1174
4728
1024
3532
3318
952
2708
2720
3703
1100
4181
459
1107
476
4839
4592
1972
3618
2731
3852
354
509
1371
1669
3528
205
3137
2102
3845
2715
680
4109
3741
1872
3132
3941
2358
908
1563
3619
2711
3136
475
107
2426
1892
2098
4249
4634
2032
948
4795
1312
3664
2064
4136
2930
3769
2519
917
1307
3309
3330
1787
3417
4318
4247
2437
4450
3916
3627
3346
3850
4137
707
611
4691
2377
1544
2764
628
3162
4613
2879
4706
1179
3665
2365
1082
2604
3223
3669
1055
4107
1980
1006
592
4273
846
4821
4012
805
3277
4427
3123
3820
2176
220
2698
2644
2321
3203
3615
4890
1922
971
3992
2347
4702
4101
2525
1636
2582
2831
4950
4809
1882
1773
755
320
1562
569
1657
2350
2660
2642
2278
701
3688
2647
1726
1103
1392
989
1959
995
3647
2297
4383
4174
2785
2934
2948
1157
1227
2047
2811
424
2769
2667
3909
1191
3370
1358
2594
4537
1508
3078
2222
2375
661
1862
4901
2000
1407
1447
2292
2417
300
3352
999
3350
4461
3448
4435
3517
1244
4306
1320
2580
269
747
1223
2037
186
1551
4458
1796
2757
268
421
4215
4729
317
4654
580
4328
4754
1680
3483
662
3332
1667
3109
4462
1002
2529
3199
4288
274
1457
970
3726
4589
2396
4980
4871
4286
4064
3027
1033
86
137
3687
845
293
3428
3088
2007
3369
1162
2318
891
3839
2175
60
4324
2345
4649
4052
823
4903
4182
1212
4140
3215
3380
2528
1411
855
750
4984
3630
2691
2513
1015
4680
1639
551
2085
1165
4379
327
1445
761
1464
4013
2100
1637
4970
4638
133
2349
2164
2041
31
3822
3327
1895
4784
1836
445
599
4683
66
1079
2241
2925
4298
2097
4353
2207
464
2167
100
381
1514
1617
2922
2456
665
956
80
2823
1206
2893
4037
2144
4783
2189
3004
4234
2263
600
237
2716
3485
4978
4287
3749
4410
3626
4391
1794
879
758
3711
877
1505
2897
251
793
144
453
2217
279
3922
4894
3672
209
118
3315
2756
262
4189
3297
2970
2957
521
3406
2862
2309
2218
2781
4123
3207
199
454
2501
1582
1744
2413
3320
3189
4191
202
4686
1890
3815
3119
3786
1902
1056
1156
2725
3716
1378
3381
2467
1584
1096
4929
4084
1011
677
3144
3415
2274
4217
562
3007
3652
4678
510
3660
1593
2330
3217
557
3440
2416
2179
2850
2918
4866
1709
2560
4006
1369
3638
1825
2016
240
1357
702
4545
878
3104
2232
1729
1141
3190
3410
2814
2665
2852
4527
3541
3778
1716
3899
3497
690
102
1641
4656
4926
2206
3459
1526
2053
1022
2371
2530
940
4811
2281
1698
849
1391
230
2855
3224
4826
4899
4993
1546
1333
4733
4752
2089
1059
3648
1463
595
1845
3240
3913
2516
4366
2669
1815
4878
4144
2160
2459
4470
3467
1986
3826
3700
1663
982
1279
4831
1728
3814
3867
1628
2629
1365
1950
1849
1119
4270
996
543
2816
813
4689
3254
2079
4468
1732
2845
4769
4177
991
255
4115
4667
3719
4661
1219
2462
488
4911
4737
4842
2778
415
2576
2577
2836
390
3779
537
1499
824
993
2391
213
2021
3322
3998
2463
791
4944
945
2266
3554
1255
2654
4035
4250
3521
4490
1926
4078
1550
3353
1070
4202
2605
2454
1706
1291
294
2960
1770
2534
2754
3622
4030
1674
2099
3781
181
302
4510
4805
1989
4554
2550
2864
722
4557
3303
555
4531
2890
2997
4723
2352
1486
120
540
3516
3130
1285
2457
2181
2453
3030
3395
3795
178
188
3421
4124
3263
4370
2075
2739
2447
1318
1439
3593
75
2169
1454
1468
947
865
1838
2755
2520
3643
4814
882
812
1298
4699
3425
4211
290
2145
950
4339
467
4200
4132
4384
4992
402
4266
131
3450
4999
4954
2120
1101
1446
2215
2480
800
3453
2202
3065
2093
2402
4071
1899
2275
826
2888
2180
897
1045
2068
1352
3893
2072
1653
3470
1161
2986
2683
3214
222
1385
2368
4244
3697
457
2985
3514
3229
396
2567
4607
4034
2276
682
3062
3937
4565
2860
2397
984
4625
1290
590
2394
902
2587
1608
1384
4513
2361
3439
3578
1655
492
668
483
4303
3411
2790
4505
4005
3971
3181
1193
2646
342
1536
1707
1180
4296
3902
3093
3251
3253
194
260
2626
259