3110
761
5582
7050
4671
6989
7133
6526
1691
8015
7916
6360
7344
5244
8645
3035
1601
5155
1087
3792
5973
2263
7698
4481
1141
6140
1637
9530
3940
7329
4010
2651
4945
2426
6350
4008
7379
1563
531
3469
8404
2162
9503
737
8544
6130
2805
6734
8394
488
8701
5999
8347
768
3905
7302
2723
6146
9694
3732
7142
6334
2375
5853
4320
8751
8019
5680
9510
310
2474
7046
5238
7068
5302
8674
3129
5457
8551
7879
2252
2779
2525
7829
8108
7889
1712
6653
7508
3596
8052
399
5491
8310
7864
3053
8244
669
969
3378
3717
2039
1955
9319
3863
2720
6762
2924
9825
1309
4487
718
6730
9348
2395
2180
9639
8875
4442
4715
8890
1817
5783
9006
1035
2501
2451
2234
2511
5719
3819
433
4360
5933
1688
2109
7528
845
5305
8143
686
4650
6900
4
3240
2917
5724
9523
8092
854
3123
241
1517
413
8832
6641
666
2217
8186
501
6814
9176
5932
1970
6152
9404
6020
471
90
249
7129
3642
7485
8345
455
6403
8463
5520
5194
9743
3857
751
1442
2508
9688
9580
6339
6972
8479
4928
9336
891
9360
3270
6069
1892
6192
5513
1711
3963
9711
4663
1124
7725
4041
6297
1966
9956
3356
966
3127
1557
7160
2681
9535
9178
1786
7808
5430
4359
9074
4222
8068
1672
7908
868
490
7389
9519
9393
527
6312
2017
7247
7507
849
2075
5548
8191
4746
7634
7596
8476
5301
9742
3666
6610
843
2403
742
467
2084
8372
7380
4881
4917
8428
5859
4536
989
2588
9531
195
8818
6391
6437
4094
9603
6254
1421
5126
3593
1297
6677
5747
9406
7540
5335
5837
460
6749
1177
403
6822
9998
1889
7964
4634
9520
5321
2245
7105
2673
3654
5432
8359
60
6497
7858
9411
3824
9206
190
4368
9216
5341
5129
2667
612
4265
8204
3928
4273
5361
2009
8475
3898
5405
9645
4854
8725
1653
4552
9562
8013
194
3284
7058
3348
2892
7712
3561
6520
2286
4858
8999
682
7021
3554
9687
3178
3638
5882
49
5635
7
8554
6070
1171
4839
3118
5456
2627
4965
8004
2318
2987
755
2420
8736
8149
8263
7441
2773
9402
3868
6628
1505
9072
5008
5936
2689
3492
8054
6546
9941
5652
1686
106
2929
1608
6214
8603
5953
3769
6895
1869
9340
9240
9416
5684
4280
2757
8128
7886
2529
2359
7415
1349
8734
805
4838
8956
3941
2331
2265
2381
6864
434
2556
4988
3480
439
1796
2304
5406
4415
7595
2045
4209
2397
4753
5705
3250
3073
4255
1802
6007
9488
8572
3141
9704
5678
8815
2105
5124
2022
7096
4644
3801
4020
2490
5787
222
4566
8070
5318
6298
9931
4137
1039
2884
5186
5878
3600
8760
6649
3318
2011
5651
1824
4818
8873
7726
1014
8346
5169
4268
1987
4996
9622
5290
5122
5248
2815
1994
3176
1897
2638
1318
2961
1002
2677
1269
9624
6923
1646
4483
8333
7109
1032
8362
6971
8451
3932
9013
8187
1154
4225
3581
9869
2750
6554
7226
2208
802
3635
5060
6269
8907
4731
1228
9635
9860
4417
4105
5531
6458
6877
3036
6440
8391
1311
3987
6537
8155
275
732
2542
5369
4521
3188
6042
1710
3263
3679
720
4199
517
93
5109
7949
8854
435
8744
4089
8048
4924
4339
885
6178
137
127
219
3870
4308
2227
6475
8909
1016
7661
6021
771
8587
7819
5597
9303
2537
8848
2243
4716
1400
8104
8364
533
9396
9551
5794
2058
6016
5642
85
417
6332
5085
1921
4762
2843
4863
3664
4387
3162
6220
8223
4752
9033
6429
2645
7708
6799
1012
3261
44
199
4012
3603
3841
2625
1632
2224
5441
4690
8992
6548
290
7509
5057
7757
3253
3316
5427
4994
4376
9655
6268
5799
6567
2514
2715
4219
8478
7973
9597
4886
1155
3817
8432
1073
5817
4878
8277
1287
3404
2435
6657
1129
1682
8473
900
7062
6828
3891
8274
4323
71
8945
939
7610
8612
8884
7251
8778
2669
6487
146
9681
1025
4229
4093
4146
5814
3143
5897
6992
5502
7289
913
4343
2126
87
7168
8849
8575
7045
9821
3545
4688
2534
9332
1597
7853
7422
163
4256
2551
9727
9136
6325
305
5428
3456
8989
4926
4469
6812
6810
8482
8600
9394
5900
9358
7118
6096
9730
8060
6896
4394
4464
9849
4201
2308
5045
9413
6713
5007
9212
6633
9276
1902
1972
8177
959
6508
6351
753
7624
2721
9619
1860
6512
3442
3264
3450
7386
4558
5827
9609
1477
8234
280
8946
4554
7020
8633
3291
5377
4507
2323
4951
124
1898
7431
1135
7911
1584
5745
7686
5729
4029
8305
2028
4707
1388
5551
8877
9048
9756
6561
6859
7320
7493
4241
9623
1890
4454
8939
2786
8266
6656
8741
402
3103
2767
9244
164
7295
8921
3113
1675
333
3515
8504
9307
6283
2053
901
6200
8445
3974
5448
2872
4538
3803
6964
6280
7732
5309
5574
6040
6395
4271
1565
9543
475
6796
6078
8403
6131
8499
1365
2054
9007
1438
262
9636
1730
7769
2402
2585
2891
5754
1564
8085
1219
8900
7174
2122
240
5578
8599
3428
2044
2500
9299
3090
438
8825
9831
1071
662
457
4352
6920
2679
7250
6857
7812
5811
2718
5167
1610
6571
678
224
2072
7337
6241
7803
5768
2771
5707
8646
5040
8973
7612
6331
3578
7512
3186
6838
358
3616
7862
9438
3139
3338
2691
1236
3942
8281
5693
3758
1965
4633
3101
3327
1182
183
7549
904
2311
2413
1450
1476
4711
4141
5648
5583
4120
7611
9401
4880
6690
131
4942
7110
6601
1603
2186
8746
6988
3479
639
9185
5917
298
5929
2115
870
4235
1595
3453
366
7327
7175
5825
9220
3133
4028
8036
141
8339
9459
7475
9969
6598
3662
443
1544
9083
3903
2797
4099
2016
703
8738
1848
1207
6578
2229
6285
1423
597
6903
5394
5903
3738
62
5372
5470
2549
8632
6329
5086
4459
6362
4717
8472
4460
8127
714
8044
205
5580
9365
2503
6221
4919
6582
6611
3594
9970
4973
967
5780
9674
6693
4313
9021
5607
7977
7910
2986
6167
3980
186
3569
4964
117
3795
9659
2855
8471
8109
4076
8373
9226
6382
8923
1604
9384
1823
2836
6427
6984
9335
2336
1294
61
8001
8417
2823
2298
4916
7169
9368
7786
1600
9167
1480
2481
8772
1273
8730
9554
1441
3376
9472
4556
8381
2193
7543
2744
3283
9228
9141
6465
3709
4855
1828
5479
2254
1122
6308
4110
7183
5134
267
7391
983
6778
1836
4108
2931
5875
9898
3812
3877
3117
4101
1975
795
421
8110
6789
4316
5529
6708
2459
301
5908
3471
6365
2792
1193
1938
2816
2717
5604
2439
6432
3756
5704
8430
2363
4989
6390
5360
8643
9214
9164
5
9489
2218
8337
1142
6865
5525
8090
6665
5326
6119
9
2101
978
6831
2048
1454
8326
3977
5842
6504
926
549
698
5935
1361
2148
4083
2198
2749
2480
9689
4594
6002
8927
2602
5589
4502
3408
220
1083
5653
8259
4075
6097
2410
3752
2799
1000
9823
370
5870
4231
3043
1040
6158
7702
2069
2192
3750
9108
3125
3789
3587
2477
3667
1856
7968
8079
4138
7121
733
6482
5103
8091
7393
302
9256
3399
3300
5644
6774
6422
2906
2482
5727
1203
1121
4901
5923
329
8682
3802
9571
9008
2341
659
7313
6415
1180
7857
4985
2352
4423
3272
3440
6751
9606
2796
9107
3320
5205
8288
8976
9128
5919
3677
9491
2734
6801
8629
244
1445
1814
1726
5974
1494
6630
9654
7692
5945
6326
786
4246
5209
8724
4636
4064
842
3299
5116
304
7767
6417
4627
5992
9377
2746
3700
508
6712
9943
7471
5609
1045
4890
5203
8375
793
3744
1667
8414
2840
2880
2221
6420
1709
7090
7369
6746
4799
3108
2035
4741
7347
4674
1280
2273
6481
390
8593
5898
193
6914
8929
9243
6648
2301
2687
9468
410
7233
143
1385
4157
6793
4318
2813
760
4563
3649
2042
4129
3946
9113
9920
5465
7693
941
3126
7063
5096
7082
6050
3783
3248
5306
7739
9773
7177
9628
2516
6659
3372
3834
2722
8954
7937
7318
8517
7848
8005
6934
2830
3096
8702
9184
1764
9617
7330
1741
1745
5381
6841
4175
595
9288
3224
8435
9904
2089
4515
9352
1896
6250
4640
7060
1486
3517
1007
5472
1358
3438
5097
631
1581
4341
1043
8806
1470
1642
9511
4954
9152
8680
5669
3825
6806
8120
8206
4743
8860
6915
4163
9341
101
8616
873
940
9995
5699
2316
3652
6324
956
1835
1095
3884
2758
2003
4330
238
7694
2769
2260
719
5299
83
9493
8902
5634
5338
7687
9088
1356
7748
3995
2976
3826
2281
821
9122
3229
7408
3235
3045
3449
7376
7930
6150
6041
5869
2657
4192
1188
8062
4763
3415
1224
3065
1612
1846
2699
9900
7561
3080
864
2671
9044
8215
7882
4211
2724
7336
2957
1401
3466
6788
1654
2934
4826
4206
4745
5730
2151
8153
6173
491
3753
7741
800
3494
4501
8597
8025
6709
8564
361
6398
6604
1373
4668
1351
2460
6958
7801
3621
1582
6292
110
6059
3727
3324
2018
1541
7735
7842
7372
7785
5989
5524
5608
9266
5504
3591
3048
3665
4947
8624
8335
6618
3765
2682
8967
5883
6082
145
5944
8038
9999
1496
3064
9427
6190
7995
3347
116
8207
1703
6870
3145
9958
1717
1661
2951
9208
7326
9811
2047
7861
213
340
1618
9916
5557
2714
1244
8779
1718
4494
3297
2858
365
5280
9665
6083
9055
5067
9559
7136
1387
7932
9586
6266
2541
7203
1579
7262
6813
6101
1432
3918
1448
4617
31
7631
6182
7260
3209
2357
5090
8861
2822
2979
7780
5668
3583
4015
4386
6941
8397
1379
5925
4570
557
3016
138
9641
3504
6232
6830
5407
663
2061
9877
3421
9722
8669
3432
3539
447
9851
320
8336
1525
9080
2794
4500
9174
3448
1590
6288
3762
6258
7669
4053
544
6118
351
1924
5775
5269
289
8210
2470
2486
9078
6824
2107
2943
5164
2247
5029
7996
4736
1716
3807
8492
2532
1533
3839
9403
2419
1503
1789
1156
9267
8783
8188
6945
2157
88
3571
8560
8863
4336
171
2457
3608
6927
7997
5429
4793
8932
9614
1690
9123
7173
7623
2364
9305
3172
7321
4714
0
2819
2706
4302
1186
6991
4349
7366
810
1024
9498
2661
3540
336
3633
9937
2732
872
9395
2567
512
1096
7766
9392
3215
617
5285
3067
3328
2672
2392
2623
9779
1665
8388
5404
1770
1375
3858
3716
7373
161
5192
2605
2768
8843
3134
8407
5454
7533
5615
9446
1602
4032
4428
1780
1829
3810
8010
9518
3705
9293
1335
5262
1805
7414
6358
473
8114
4488
1676
6564
7440
9979
1107
4559
3282
3220
1054
6169
2708
2081
37
1098
5202
1899
7277
1371
8774
2765
5147
6889
5135
7137
4603
1321
1586
634
6340
7898
3961
4399
9496
9670
50
981
4673
2303
2253
9663
3911
9693
640
5658
7190
1360
3701
3004
7265
8762
8218
6811
7705
7825
3507
5686
8984
763
2947
9790
8637
6454
8021
7564
1550
7941
559
6529
7159
3955
2106
4390
7734
641
2603
920
7976
3657
3943
3811
3864
7614
7362
6590
6936
7124
1225
9455
7022
6960
8185
5861
1708
9501
909
107
2622
7429
1621
5601
1962
23
4319
1880
9251
3970
8199
1209
9747
6084
8915
9759
7972
5110
8122
6183
3360
4777
2570
3234
9962
1262
8221
3923
2707
7920
4135
4614
2572
1801
9424
6256
4574
2312
7446
5991
30
2033
4277
2131
691
6116
4248
2214
9963
1473
6388
405
5286
2564
1049
9615
2113
8350
9765
7411
809
599
5576
6301
965
9350
2913
5198
1094
3042
4046
3222
730
3761
8588
9182
1893
5426
2992
6505
9378
5362
561
3091
2210
3707
3719
7461
8582
8857
8306
2909
4630
2846
886
4066
372
4679
723
7730
9187
3901
9968
856
2711
8222
2291
5865
8797
8273
5467
5558
5289
453
892
3994
9527
6839
5542
1440
2876
2960
8513
819
4639
7324
8219
1391
8264
9247
9344
618
7180
7396
7892
8502
4629
8894
2211
4959
3914
6615
1479
2851
6707
985
1283
6770
4124
6093
938
7171
8556
6703
4109
3198
5527
27
4537
3735
7225
6369
4267
5458
2200
4835
5053
9475
4436
3734
8993
3726
6956
1179
8964
8370
2784
8847
4850
2384
7204
4508
7390
6800
2629
3357
4491
7729
6478
8278
4504
9921
5698
1132
2449
9946
1657
7135
861
4758
1257
8265
3550
3044
4060
7494
743
7796
8071
8979
2168
787
1034
7649
9320
2665
2762
8324
6348
3722
3737
7098
1106
147
3873
7458
9321
4150
9682
1536
1191
2443
3542
6503
6306
3051
2387
8749
468
4369
2463
7663
3441
5804
1795
6871
3747
8220
4646
1583
9223
8429
3350
1874
6466
3363
4935
1305
7354
6600
4062
804
6701
8937
1196
9486
8872
1830
4582
4270
2079
4392
6330
887
3526
3874
8233
5185
2112
2512
2416
3351
4952
1313
1844
688
8673
5346
4889
4710
5391
3391
9913
746
4830
2497
2267
68
791
5988
8245
306
3352
7566
1082
2649
5975
7276
92
4309
3927
4425
8150
9161
2154
1364
8634
8477
7500
4300
2165
8287
8241
1644
8592
9650
9492
1316
3194
9638
5692
1527
6056
6045
5320
8608
8505
9581
4363
1126
9177
3776
9440
6141
4156
2374
4948
7065
5153
452
677
5255
1769
3384
1330
3236
2293
4276
6104
3960
5100
638
7700
7706
6784
2118
8787
7890
3661
8803
9942
1394
466
4986
202
7217
5070
9281
1268
7731
2776
1042
588
8448
2031
6754
5484
8981
3322
586
9885
1245
2729
5532
6068
9632
8166
1895
9766
4269
1027
1293
9439
486
1172
8836
736
8351
627
9872
7016
3814
7714
1339
1303
401
8118
2614
8677
6010
1964
350
750
7654
6025
3182
8316
658
3723
6233
203
5879
6685
2597
6926
5639
3008
9471
5560
2828
3922
7832
9590
6743
4485
9124
2692
3640
6049
7640
500
6607
2581
8242
7979
5043
4085
1235
7871
3169
7279
8041
4573
6891
4451
5208
4565
1153
3855
6887
1788
5250
9648
5702
5763
8581
2643
2320
884
4188
6264
6235
7064
811
4943
7231
8827
172
3663
875
3830
7550
1768
6781
9626
6121
4240
3897
464
6556
6108
5037
1700
5473
9646
2216
744
6401
6638
6924
3862
4517
7795
8311
766
4510
3893
2025
4628
269
696
6975
5410
8820
1031
191
6973
775
9803
8002
1111
6880
1443
4528
3536
2604
8543
7943
7556
9019
859
797
69
9546
5709
9084
8422
1552
7200
346
522
4969
4766
6476
1210
5501
5778
3678
7377
808
82
9070
1535
8398
4498
8546
6373
1808
673
9153
3646
8016
9105
953
2202
8955
927
3979
6764
2346
9882
2701
5749
3749
1455
5939
1973
7704
9096
4358
5330
1699
5937
2232
1067
1323
3062
3306
6133
6038
9813
9419
7789
1697
1495
4118
4654
5829
6112
1831
1864
9664
1696
2941
1549
8852
4180
5438
3861
9342
9987
6768
9901
8465
113
5348
4431
5536
9296
1611
9582
414
2522
3142
6354
2932
9627
156
4058
4723
2360
335
4527
239
8716
2994
364
6986
9887
4874
76
3676
803
6569
578
5987
8988
3075
6629
899
2040
9980
8363
996
2407
2898
10
9110
585
3537
3956
5540
1408
6067
285
8209
4957
3833
5091
5136
9412
18
7167
4802
2428
2565
4553
2230
7887
1064
6863
4446
7356
4334
8812
2469
1195
6389
4413
9466
4193
5375
1041
9875
3740
9740
3085
476
4408
6145
2300
8781
7287
5331
3488
1594
7707
6484
7189
2241
6309
9432
2902
1919
6364
2626
4865
415
9684
7776
7272
1569
6662
2905
8602
8866
2264
5366
1912
687
9225
7547
9871
1961
5820
4955
4019
9725
8899
8958
6355
8844
9194
748
1086
2642
3865
4332
5573
3509
8912
2545
420
245
9556
3082
7609
9351
9015
4016
5162
6310
1631
6033
8496
6009
6619
3968
1044
4647
4733
5336
3112
7269
3303
3314
7483
2434
8876
1507
1810
2290
8959
7196
2314
1679
1398
7843
7473
323
5314
1737
4119
9062
2401
6011
8485
9073
3167
6289
6327
3436
4580
8638
3625
2897
8659
2418
2350
5130
8248
3239
1794
9203
4503
2586
2182
1425
6584
8727
3245
4437
8284
4883
1855
8681
270
8555
5889
9902
580
8694
2191
1734
9719
3782
912
4079
2295
4658
9945
8086
6524
343
4130
9151
764
8953
296
65
8279
4798
3917
9911
4897
6456
9227
7042
3276
8856
2203
2502
1820
3298
4441
2654
4625
9649
4815
3026
5880
2155
6270
3575
1334
6275
4187
3061
8892
6930
2694
6636
5770
7834
6514
1084
5224
2282
7008
3066
5734
4896
5249
5178
7147
6459
2781
5351
6005
7840
532
8269
7876
192
4116
8454
6416
5211
1664
1052
3757
2302
4379
7824
3529
4004
4357
5661
2080
7875
1778
6276
9179
8777
5058
189
4779
587
2561
2223
2745
5184
5272
2825
1329
7181
1332
2996
5392
8553
8809
3731
6179
931
48
2859
2985
3007
3321
6568
9540
9400
918
8697
5503
9237
1558
4755
9022
75
2340
2969
9067
2371
6550
3275
4968
6553
5815
7043
3165
6307
8078
9717
5687
8640
3524
8940
5141
3777
9041
9997
8664
7145
7496
7011
6215
9333
25
3435
6444
324
3684
716
197
8740
3098
9339
4112
2842
3686
6411
6555
4429
3510
375
2274
14
9729
8178
8341
354
7134
1081
6614
377
8420
5740
4331
6876
7030
1706
6186
7076
3566
4097
9238
2870
1977
7077
4250
474
7322
1885
6248
8547
5753
2037
2940
3114
4419
8893
9579
8710
8198
3267
604
480
5622
5579
5323
5439
7874
9473
9897
8636
8924
5025
4677
64
8236
33
9326
8271
5731
867
7430
1580
1873
7542
5081
2059
5664
4210
7689
2847
126
2766
4232
4034
3952
776
9981
1752
1183
3712
8731
4389
1512
6534
7576
2006
9290
4351
1299
8925
3334
8327
9924
9264
3388
6
3484
9907
3168
6847
3915
4356
4017
3455
6670
2
4547
4907
451
8752
5229
4178
7249
424
1619
9235
7387
9370
4476
2521
9425
3683
4807
5832
2090
2582
9608
7575
6576
4340
7657
1759
2343
8811
982
8824
47
430
4843
6036
5784
9690
96
8862
9810
9453
1234
3121
5294
1523
1022
2659
5627
1725
8648
3086
2942
1093
8095
2999
1260
2415
2517
6412
9363
4324
6408
2299
6426
3269
81
3965
6474
4962
4932
707
1516
2780
7293
9601
6462
2702
3770
2219
6771
5843
4879
4159
8239
2968
5181
1213
2841
9289
1861
7230
5199
5738
7682
7487
3163
1755
7933
3366
9848
4915
7119
4449
4876
6635
3996
2504
7156
6046
9116
4811
2688
5736
6572
9557
6557
6314
605
2609
6795
8301
311
6204
9509
4414
8562
8296
6803
2462
2973
2900
3875
2527
8225
3375
6393
1999
409
2848
4438
9903
3607
359
5039
8936
5523
5732
8393
3427
5398
382
7815
2440
1971
395
6199
7738
4987
8467
432
5805
9246
8212
3993
9480
2190
5636
7782
1284
3843
5049
6012
2472
7401
1348
5640
5555
4140
3012
7697
1528
9431
3137
5063
3939
6460
962
4773
1393
7092
2774
8313
4312
8172
7936
3544
9598
8331
2601
2339
4635
8089
6875
5308
8390
167
5112
6211
7038
7727
151
6866
8168
5297
3158
6172
1531
8770
6267
7912
2675
6609
2427
4961
5120
2071
6750
895
7582
4293
9618
4365
5835
5588
4990
1587
4470
2100
565
706
6048
3179
5088
2087
4946
7869
896
1656
8796
1123
7639
2242
8651
7194
5270
5150
4307
4532
9104
9051
8384
6886
6942
7902
6052
5044
5226
7466
6637
1120
9389
5075
9550
2763
7095
4284
4539
8997
828
7454
5977
7056
1510
589
5343
6110
8579
9474
1434
4963
9023
9563
665
6947
942
5752
7895
5511
9633
4864
6024
3913
4482
5235
5223
5415
5826
9447
5174
9469
1498
7246
4407
1413
7178
4285
9436
5788
1295
2803
3733
525
1514
9653
8303
5201
109
4113
577
3011
5913
2670
5114
5914
4329
4848
136
1548
9515
2082
6321
2305
8788
7462
426
1968
8034
9707
7350
7545
6850
4738
112
4993
3402
6197
3020
8354
5340
6645
9960
6495
8570
5508
7432
1821
3997
2215
2835
43
1259
9794
6673
3909
7210
7893
1630
9832
4453
2618
8743
6090
7608
8283
6252
7982
3645
9862
5785
6507
5374
9085
5594
2259
6565
8474
5774
5957
3651
3842
8032
3071
8412
6535
5349
7010
8609
481
772
5265
8801
19
3628
8775
5210
9114
4049
1285
7618
9745
9120
392
461
7392
489
9892
6517
4512
9199
268
9845
6543
5171
8683
1773
2164
4048
2754
9441
2257
9283
7188
4597
9741
4043
9896
9490
6086
3725
914
1833
3658
907
7948
1345
4578
992
9367
7593
8468
7651
7743
4427
4013
3950
3177
9746
7723
5887
2405
4484
6785
9793
1530
8607
5893
7192
8214
4847
9134
6560
8541
9162
6539
7215
7927
1641
3972
7479
7572
3708
3690
5708
4035
3077
7841
8276
4493
8723
7784
2901
1037
2452
9049
2787
1859
2630
7492
3990
8719
6017
9356
5492
3150
5717
1623
2464
1840
2927
8919
5421
4131
3015
4217
3729
3294
1468
9853
4970
2476
9822
7419
3335
9863
5388
1112
8930
6375
827
6829
1638
3564
5673
5364
6217
4475
813
4290
8891
9224
5856
6246
2277
1472
8850
3166
5959
3791
1816
3631
7367
7897
7579
7342
4664
6937
2394
1870
6715
6184
1214
8045
8056
46
7504
672
893
2730
8878
2074
6304
4084
8378
3063
5816
5373
1733
8349
3687
3339
3119
5915
8009
5042
596
5728
3522
9526
7934
9451
4444
6034
1415
7586
1723
3910
6433
6787
9306
6291
3854
8764
8164
9752
7873
1775
4950
1803
1127
9304
5021
3232
440
4759
8050
9973
7413
2345
9282
572
815
3882
1662
1397
2975
836
7833
8081
5119
1175
1125
8968
7253
943
7053
9170
4215
890
3755
2993
571
4167
499
3411
6421
7161
6363
8146
1589
8663
8706
2493
8879
4295
8598
2332
8200
7884
1596
2916
1206
5990
3982
9594
9318
6575
9165
4642
8584
7436
1023
3107
8415
7953
910
5543
5011
3953
5411
7831
6933
7650
6242
1048
9095
5154
4704
1451
4296
2012
1504
11
4724
6589
637
4249
497
4884
3247
8947
8105
1176
3308
3886
9053
4480
6230
7291
8197
8317
7456
1346
4931
9675
5172
6485
6758
3785
6816
7678
889
6761
8260
8049
2292
5964
2366
2334
4809
4519
5554
3358
8366
8568
9660
8522
2125
4992
8102
8539
5292
8343
7904
7747
5379
8644
5546
5254
6234
3346
7153
3610
1246
8163
208
4669
3416
7081
6064
4042
9881
5393
9465
5279
1946
4162
5102
7888
9868
7921
8662
556
1429
9219
8721
7896
6144
9771
2826
3006
2612
6181
4412
7695
7402
9201
3556
3368
8295
2631
9485
8380
5477
9750
9733
8456
9343
5316
53
2424
123
2829
9841
3319
8066
2271
5035
6767
8012
6496
446
5994
7762
258
8487
1227
5204
9837
2853
2955
3883
276
1282
1271
1221
8627
2121
4420
8145
4980
5535
9373
8152
2852
5812
6873
2250
6606
3230
1230
3423
7085
6832
2138
9089
3818
7186
8190
9027
5104
1695
8040
4433
8934
2558
108
1456
2505
1636
2319
7668
8610
9919
3551
7332
2417
2453
2051
844
9703
8285
3896
2152
2739
9604
2197
7914
7208
7717
9000
9763
2050
702
1982
2899
1363
6605
6961
3555
9374
9003
4523
7481
6878
3295
2380
9768
1842
3285
9047
7176
8826
7655
9602
6106
9195
6837
535
7448
515
1417
4525
7108
5347
4263
7352
2447
9839
993
4208
4885
352
8895
5304
4335
4999
6953
2575
1762
6127
422
5451
1249
1406
1439
2600
5337
1446
1350
5138
3530
7604
3629
1571
2647
9467
7538
6627
6521
9791
9544
9209
1254
2741
5367
6489
9158
8622
4445
6272
5034
4025
3025
1903
1681
2533
77
4057
4569
4698
1936
7283
2052
1390
6855
689
3562
6054
5857
3420
6175
2338
9780
7221
4546
841
536
8886
3820
2383
9069
1660
8382
9708
331
7950
9952
7482
7658
9435
5514
4063
1790
9709
651
8449
6969
1757
5449
5333
9252
1940
8348
2450
8536
1735
2268
4689
7970
4126
1492
4571
2008
9380
454
9686
4264
478
4223
6818
9334
3586
5495
3516
5998
6686
1136
4696
7719
8552
860
796
4531
7849
5617
894
6856
9560
2078
9757
482
2515
1744
9815
217
2965
7205
5888
4904
7457
3434
1281
2865
4577
9011
7524
3880
5434
1647
1904
1080
1019
5380
6100
9410
5808
6357
9207
21
6074
3147
2093
7999
8880
4796
1996
502
5239
9375
547
7645
2817
2344
7296
2559
5521
3869
9516
3829
8942
8963
7474
436
2921
3837
2727
3832
7660
4305
6691
8512
4297
4542
4721
8529
5180
1763
6397
4941
932
554
4615
832
5440
8972
1577
1410
12
7985
5519
4044
373
4132
5267
8768
7240
9697
4832
3787
6585
4606
1639
770
2789
7248
9772
4002
6683
7170
3885
610
6935
1212
6018
5611
9460
6849
5469
3641
9820
9607
7974
3697
2117
4238
1992
3533
675
8063
6081
5629
5899
8630
5969
6168
1493
903
3478
6237
8611
6704
9776
4051
4829
6979
6759
8776
2658
5528
7744
2752
8530
3202
6231
4737
2616
9145
4373
6132
7263
1732
4814
5123
9325
120
8170
9770
8506
6212
5564
4925
9478
7584
4984
8099
5947
4560
6031
8503
9866
3920
6625
8591
6817
2926
1628
9568
2369
4139
4631
5958
1881
6043
7629
3767
8867
3741
6721
4540
4680
1501
794
2002
1181
2668
5716
2015
7546
5762
4805
7992
2953
6414
972
9914
762
1862
2409
6747
6591
6825
1263
3032
1407
4492
6413
5277
905
2358
7768
6766
2520
8714
4612
7138
5446
2063
6735
5175
5910
5471
3659
230
839
1853
3340
9135
3845
3131
5860
6798
785
3613
8977
134
5182
4353
7397
7061
6263
9728
3056
4281
9034
2454
4172
3467
9077
3274
4372
2978
9166
371
5231
5291
4212
3383
4452
7495
1990
2441
8838
1894
5952
17
3808
514
9309
1538
394
5156
1005
7115
1405
6261
2636
9796
6872
1279
8377
2632
7162
4166
958
4395
5631
7969
2883
2652
1090
779
7155
9239
32
1928
974
4377
3393
2990
5623
1229
1467
4548
3486
7459
8261
7947
4808
1144
8657
2429
2543
3650
8154
2111
6154
6115
1956
3211
8688
6999
477
8247
1506
790
227
3748
6019
1819
9094
5183
1435
3853
8523
3138
378
8014
9564
6120
1908
2875
4457
9859
294
3217
9338
7166
9878
9398
6338
5068
5723
4176
5871
4128
7944
2613
7602
646
8133
9132
7157
1947
9026
8605
3326
7381
9805
448
4462
937
8569
8511
5645
2296
4087
6705
8784
5485
4136
7965
6148
1148
6227
3743
254
122
2554
226
2513
7407
5019
3307
7945
8649
6490
9146
8918
1867
5961
132
3047
7900
3058
416
2204
4283
2070
8436
7421
1403
2700
4037
7966
6944
7005
3256
5507
6284
6647
8267
2156
897
789
8666
380
374
7106
6820
6996
2021
3210
483
4422
1026
6854
1809
3135
8211
2108
7742
5739
997
2970
1342
207
8763
9056
2956
5065
8771
2143
2966
5995
5207
1411
2566
4052
4117
7951
6879
4857
6001
8535
3206
6392
7427
4601
8550
6446
2444
855
7465
5489
6827
7017
7117
3887
6917
8717
5643
9702
445
9236
582
6137
807
6098
2456
7530
2313
539
9359
255
2539
2619
9057
8782
6022
8065
1854
5553
5920
8115
3541
9037
9864
6434
2693
4549
7605
4875
2436
8137
218
3559
4294
7464
546
7822
7006
6976
1811
5868
4242
9221
9090
2423
7370
2599
3336
7962
7646
4439
650
4860
6470
8409
9944
2288
6949
8898
4153
2067
1542
4653
7816
1812
6400
2644
3804
8631
1165
169
8665
833
4794
1920
6755
9714
957
22
9692
6737
7811
6885
8590
4641
4243
5151
3041
8525
3180
6640
9798
681
5618
1218
5328
2255
7450
6013
1169
5743
4364
6170
7740
6516
1051
362
3772
5844
6431
3417
4921
3009
4751
4317
9630
2946
5839
5350
5010
2785
4078
4402
9452
6000
316
5575
6439
459
3392
2737
5742
5765
6006
2317
2620
8808
8011
6087
7158
5009
7365
5371
5963
7114
4659
3764
2347
3538
6513
954
4622
4867
3643
7628
5980
5854
1799
2577
7069
8017
7213
6051
1103
4611
9429
5562
7677
2167
5711
103
3975
2833
9323
757
400
1497
7510
3426
7773
5828
1560
9504
9192
7409
6527
9888
4792
6157
5628
3622
7722
2492
3024
5111
234
8183
3976
1462
6377
1960
1396
6463
9046
7066
2389
7310
2498
3947
4705
4165
8658
1068
7026
9010
2760
4081
8515
9443
5376
5168
187
7412
4026
8493
3157
3698
8594
418
6689
6694
1852
4055
299
6047
4712
6763
9923
6129
6815
6621
1670
1199
3482
6243
608
668
5483
9992
6893
9788
248
1655
6776
5026
3028
2178
2315
4958
9117
5713
2886
7928
5873
3926
250
3005
9284
3590
9168
9391
3014
5105
5547
4371
6356
2598
1923
2335
6313
2057
9739
8829
279
9679
7469
5079
7364
9975
40
9248
7292
6684
2974
9407
4065
6486
5038
3816
7883
8767
3944
8452
3604
6702
3021
6072
2791
6769
6597
2272
7123
3223
9461
7149
8192
4937
7918
98
3412
2284
8641
7470
6037
9939
3668
6968
955
4655
6066
7165
5585
3852
3491
5107
3161
456
8195
6095
5625
603
8151
6142
6731
8817
1428
6436
4831
2887
6541
2137
8761
1006
8830
303
3414
4239
5565
2244
975
1243
6409
1540
6613
3822
4672
9234
6780
806
6189
6359
4960
8578
6383
8250
4288
4983
8111
4258
7199
3502
611
274
5080
6518
1231
4234
9561
8983
1152
8028
9612
1117
2804
3736
9118
6682
2114
6502
2857
1532
3060
4846
5118
1134
1876
7445
3379
590
6165
8837
4851
717
6980
321
102
7851
7141
4230
4301
6928
8459
5533
7922
6483
4840
3999
8100
7442
2004
2196
3763
2579
9213
3639
9983
8107
2432
6333
9101
7308
5796
8072
1782
2576
6407
4164
4873
7791
4600
8075
5985
3878
4069
8424
6149
1625
2102
9549
2983
6318
442
7975
9761
2438
9513
9115
6699
9990
2910
2596
9753
3671
1837
4245
2220
6943
8839
2174
5311
5089
3579
626
9317
2153
7563
2201
8813
6336
5721
6532
3793
4291
5938
2678
8707
8201
9865
4518
9886
5059
1061
180
4095
1204
7799
3847
4776
2354
7755
4183
8119
622
7207
9961
1909
3534
4645
7787
4003
9018
8379
1926
1683
6455
129
6821
8754
7680
3951
1008
6612
7856
9933
5140
1813
153
1484
4200
3465
8652
2560
8080
2790
6260
158
9119
3794
2187
4649
7216
7099
8240
7093
1522
8461
591
9713
5389
9183
1815
7417
6675
1167
2226
7502
1324
6995
4922
7619
472
1075
1553
3464
6994
8334
8227
1248
3017
9545
7607
3095
8698
7300
1832
9038
6449
9481
5000
4564
5907
3395
7636
4154
9171
8789
6938
3699
5691
9147
5800
4448
3083
8868
9405
8466
3746
6368
3175
3619
7554
694
4203
9957
6277
8528
368
1076
3966
6113
3311
6166
6030
4676
5720
960
9065
3341
8396
1758
4520
317
8712
564
7662
1161
3779
7529
2414
560
1915
9652
8169
9668
8067
9278
8174
7274
5621
3146
569
1674
8208
7971
818
7501
6092
9621
7578
6573
2166
6620
4685
9647
9016
3237
4247
3838
9611
2287
6160
5453
8440
4971
2337
5480
9470
6990
407
41
3452
2733
655
5750
8715
3431
7981
8202
3879
9025
5802
6671
3773
2972
7587
5806
383
8251
3648
9261
8916
4856
823
2557
2494
8037
1383
1568
902
5031
9265
1340
6596
2479
9700
7343
386
1011
2246
523
16
4404
5106
2772
1617
3
125
5984
725
8687
5092
5605
7383
1292
906
976
8298
9005
5934
6608
2283
3374
5490
1950
1605
5016
334
8030
6418
7088
52
5482
5030
2810
2309
3497
6538
4681
4348
5534
8580
3751
7770
7553
4927
1395
1555
4061
3246
773
9828
73
9423
1430
7340
1319
2307
7341
3797
5694
925
1453
3543
9532
8486
6468
288
6376
2158
2783
327
4338
9386
3128
3930
8700
6188
8058
949
3425
7044
1910
3627
1851
4852
7271
934
9103
1475
7852
8139
4602
1707
2907
999
6223
8831
6566
4587
8421
1247
4147
6910
4787
5619
5165
3948
2475
930
8718
7325
8537
8748
705
5549
5459
9705
4031
342
6387
7505
493
7333
8745
1459
4526
66
6450
6103
4443
9129
2806
7838
9678
2326
661
592
4059
7539
3120
9816
1378
5782
1046
6679
9565
4092
4467
6147
7885
6155
5606
8031
7790
1190
6185
5219
5466
7526
1020
4499
6794
9160
1800
9139
8882
9599
7519
4274
2467
6523
9421
8425
3370
863
5170
292
1409
516
6902
319
4279
4982
9036
1551
9584
1760
6714
4643
7967
5354
251
8455
4174
8386
357
8246
2400
6299
6695
4730
6255
4224
5544
2007
4345
9001
3092
1719
8406
979
6174
506
2425
8171
9506
3605
9948
6894
8495
2591
6967
9874
215
7484
7266
8885
9263
1343
3049
9710
4667
2725
7627
6588
1534
8966
6111
8840
6901
4114
4806
168
9777
7054
1622
7395
6594
4687
6644
3345
4056
1537
4720
2919
9126
6652
3589
9889
6716
1160
5253
7881
1883
513
7989
6114
7670
7424
4592
4179
1359
8656
7403
2188
6247
7536
5867
7850
4534
5437
3715
5979
5236
5160
236
8908
3890
5352
8411
1253
2348
3900
5409
1079
995
9298
9613
5099
8138
5137
4513
9782
5158
3799
3183
2445
260
632
1518
6955
9091
3518
2740
5654
1108
708
9894
1922
1772
5261
6519
3355
9310
5592
8699
6044
9291
1963
6109
4530
283
9387
2060
7676
5468
6499
4760
9313
1483
2029
4761
6672
5166
9143
7107
528
9587
6725
8695
812
7382
3598
4691
6616
7642
7728
7635
5273
4754
5841
3406
4434
9698
5195
5781
648
3844
4657
7089
2014
3675
9258
7449
1146
1562
9814
8583
282
5442
1464
4670
7150
9855
105
1731
1302
2831
1174
4550
8237
788
135
3851
3695
3332
2130
4903
6061
4637
9852
9809
363
7468
7357
6058
1296
9362
1003
6669
2811
9255
1320
9131
8561
5187
7867
6077
1030
4976
781
8720
1997
945
8176
4661
7592
3418
505
1818
1614
8147
9840
3520
5911
9275
7963
2574
6843
7185
5695
6370
2236
3973
8917
8064
7113
8470
1414
9417
4845
4080
8519
6950
3185
3445
2845
1173
6861
7273
5892
8620
2013
3872
2683
5834
2270
5902
5012
1570
6868
5624
838
4900
1474
1650
1886
2807
2175
8369
7664
3280
1036
2266
1372
602
3601
2496
7532
4713
6634
4418
229
5093
412
3921
5452
6494
9502
8810
7814
6667
7036
8661
1151
5444
3702
5462
8489
6028
5179
339
7112
6549
4400
7517
3159
6164
988
2065
1301
8650
4237
4665
5577
4071
1935
5327
5046
1944
2110
3673
4561
9039
693
7406
1948
1585
8076
741
9677
261
6663
8951
8816
2043
1119
6187
9324
628
3100
7348
5461
6430
1091
309
9418
3784
2328
1765
3954
2351
4972
9552
5767
9231
2030
3771
1930
4616
5422
7172
4775
5766
9269
5332
9934
3389
5420
2275
5822
8268
9042
7644
752
9906
4082
4447
5212
3001
9880
2195
7583
923
9150
6139
948
3093
5274
1918
5746
4849
4953
5682
9297
9879
6777
3860
3394
6595
6678
5324
9217
437
8756
8161
297
5414
9989
4233
84
1554
8586
7828
3527
6954
2251
6792
3136
5613
5445
6510
1337
7984
5004
4409
2742
5284
5002
8739
8678
6802
598
1194
1275
8497
2385
6209
7724
6741
1481
7775
7917
1843
3296
5173
3552
5942
2911
7317
3934
7577
4396
519
574
8804
4151
8000
9414
4810
6623
6963
2935
80
9685
6786
4197
1701
8557
5325
2770
5599
6664
6888
1100
201
2442
3899
5022
1739
9188
184
4726
5113
3889
1868
9463
5550
7152
6962
1509
4750
7527
8179
1110
7673
9795
1170
740
4682
831
341
4027
9917
7374
67
4474
1099
2690
7433
8353
3381
6797
1422
8883
9838
5972
1841
4303
8275
3315
6860
7075
9260
4719
5951
4458
5001
1416
656
318
540
4887
2580
7399
3871
2056
6039
6239
8773
5512
337
9736
3446
7476
5981
4772
3949
7653
3018
2225
4936
8443
521
431
1781
7923
3682
5115
1754
5712
5584
253
8941
5586
1806
5259
1750
4967
8426
1312
2827
3485
3068
6700
3615
581
7349
1137
8308
4401
5050
4788
6948
9767
8601
3349
8427
7868
259
9588
35
8780
1521
1341
8007
9806
7573
4509
2509
3458
2653
8518
3906
423
644
2297
5677
3105
6545
1298
7552
4472
3798
9786
601
1452
8446
2544
9784
6720
9573
6273
5848
8020
2235
697
1791
7435
6379
7359
8896
449
2889
2172
6447
570
9738
8653
4478
1766
1720
2189
7491
1592
1250
4771
1967
5266
3171
3268
5463
6286
6574
3304
6229
313
3387
6374
6939
5319
7264
9994
7416
3505
5098
6410
2583
7946
1635
6509
4747
7551
4161
4072
8113
4545
6959
1368
5759
7905
347
2930
5967
915
7720
9499
8387
524
2555
4327
4259
7334
2716
1072
1205
2998
9495
7621
3111
7935
8338
1286
8490
6063
7942
2376
393
7804
5912
2710
9197
3462
9744
1333
3472
1666
3002
7206
7103
9508
3572
7827
8910
1567
6428
7498
5761
2205
6191
3929
6617
8293
8051
8098
1060
7696
5941
3078
4585
5603
1519
1508
458
7122
4524
7518
4196
6457
3122
8135
2258
1559
4144
4978
9059
3788
7994
7243
5055
3365
8319
3398
7733
3754
4823
5670
8437
2523
1738
7544
3895
1131
1907
1101
4909
4391
1370
7522
1424
8413
7388
1326
4096
5790
2073
653
3371
9802
3451
3611
6775
1053
9173
1304
5069
3907
6448
6515
1331
5872
529
6216
9328
8322
2782
8173
9050
1648
9060
3957
7703
7600
7198
4489
5227
118
2489
284
5764
4920
9706
1980
5570
1993
7783
3251
5797
5384
2487
2777
7759
1687
8484
200
2024
7284
2775
29
1233
6929
3254
8136
3288
3260
3739
2963
4461
8444
9292
3038
8845
3969
2237
9827
4195
8823
8423
2134
74
9596
7241
1265
3208
3330
5054
8798
3152
3557
7685
8129
6676
2170
584
1187
1969
4783
1958
1189
3470
1380
6135
7715
3636
8914
1050
9967
3681
3242
5777
6153
8059
2349
9873
6724
5877
2468
5036
9426
128
6804
6745
4591
6293
9927
970
2431
963
8481
1822
4465
7820
2594
9302
6552
1879
6506
2738
5268
1315
3489
2590
5387
1185
8270
6218
5317
8383
8589
4977
1792
2615
7086
3273
3225
7238
5954
3476
6706
1651
4859
8828
9966
9075
7633
8314
51
232
4757
1200
1478
851
2664
3219
9487
6222
4421
5864
9574
3710
5241
2812
5509
8660
645
8821
814
9029
6639
9064
411
3424
5904
3647
8360
8757
9616
9539
1164
1849
8439
9547
3786
6124
1878
1149
6911
9009
4748
7764
5587
908
1727
6666
4780
8148
7426
4816
4533
4975
713
876
7709
8132
3644
2562
1779
8329
2027
6912
9857
9843
7571
9066
7809
1705
3599
1352
3359
986
9002
6654
3924
3148
8888
4516
5971
160
2249
8074
4486
5681
1223
4575
4380
2372
2231
4411
8689
5803
5751
7919
9093
1858
9755
820
8480
852
9172
7002
5233
4073
2874
509
9884
1327
8567
9867
2506
8531
3831
7569
7067
9908
1863
543
5315
2163
6367
2856
1211
6874
7212
7560
1838
6203
3606
9279
7201
7047
5772
5263
3937
1150
3483
7557
2185
7101
9169
398
325
1116
8238
1957
3888
3197
6320
2421
2535
7301
7404
1901
9017
266
8514
3560
724
2928
8799
1652
8159
4456
9109
57
1985
9068
8532
7298
4555
6570
4253
7049
792
9976
2666
9754
7305
2793
5368
5052
3087
7537
4583
3609
8520
7781
6718
1366
5706
8881
537
9372
2728
1572
3790
3190
9285
2393
1389
4205
1089
8704
4605
5522
5813
7316
8758
1677
2838
8193
1877
2391
7559
9680
1698
7594
633
6756
9658
3503
8126
7256
328
7931
3397
3742
623
7368
2026
3410
7818
4613
3258
8252
5148
7699
5630
3720
2233
5032
9672
7998
1261
2540
9893
6196
4866
4450
4581
5851
8692
7701
3514
630
1942
7398
3481
6491
6240
7371
2212
7197
8162
7598
1328
2124
2903
5818
5715
1241
9930
510
4844
6057
406
4656
1013
3070
8975
5819
7037
9964
5632
2801
2662
1678
42
2660
3241
2756
3419
6361
6134
1834
4036
4344
5357
9397
355
7328
1240
7001
2877
4974
1055
7535
5419
6808
7025
8297
2023
6317
38
2123
3433
5901
8766
5563
7029
6733
2536
4311
2096
173
2861
6805
9186
5190
5769
4455
1905
8205
2959
3580
3508
7615
7297
7294
977
9428
2546
4702
3535
7007
1238
8376
9349
1984
2639
2868
8906
7866
8077
9232
991
5968
6655
1913
9198
6105
5978
4940
3124
8690
2098
6102
7338
3674
2064
8978
4620
5598
8018
3487
4694
3919
2396
9024
4347
20
3214
2980
3287
9222
5930
91
7259
2538
9331
5256
8755
4898
8623
6890
139
3689
4862
2862
674
5303
9972
5516
1826
3692
2989
7236
5891
1598
3457
3243
1078
242
799
3191
8793
6424
780
3443
7531
7453
961
9156
7242
3429
7632
4479
6563
9577
5242
7513
4007
7385
4009
4544
9847
3506
4067
2641
7244
5948
822
3655
8006
3037
9191
7303
9376
4588
4930
8408
1545
2735
6753
5663
2321
256
952
1252
4822
1556
4011
2802
660
9801
2893
1943
1798
6603
6533
6680
388
7339
5581
8994
3840
2135
1074
2595
7737
2088
8125
8563
2637
801
8795
198
7521
6384
8549
1911
3711
8619
4684
7027
3894
7130
7990
3938
8418
4979
7031
2967
7080
7290
1192
56
7227
7671
657
3447
8043
8874
5571
4697
3800
9947
3567
8069
8447
4375
5733
8053
9830
6732
5083
9286
715
182
6599
7282
246
1941
3390
747
3549
541
857
1272
2938
7802
4393
8642
1017
1736
917
7617
3474
4567
6228
3003
1989
865
6835
5610
3912
3704
6978
5095
8733
185
9316
6493
919
4770
6826
3305
6371
3806
7480
840
1163
8858
5982
898
1158
6898
7925
8084
871
1392
4381
1202
4785
6602
1436
2936
3876
3088
9723
492
8356
3059
7813
6643
9858
6060
9854
2778
8003
6352
8144
5922
4708
6951
548
1427
5345
7980
8165
6710
1138
263
4261
5966
9605
9430
7860
9353
8864
712
4944
3634
7211
5874
6922
7094
2646
8453
5399
4910
2228
7915
3342
4289
272
2373
7143
5005
5402
115
9842
6065
9189
8355
9936
6738
8870
9482
2589
8559
3618
5689
1139
6728
4764
774
7126
2269
206
3495
36
765
5144
4298
6697
9079
6658
5133
3511
1418
756
7079
2333
2820
9774
826
1607
8545
2655
729
3362
3000
8729
850
8686
3331
6257
8971
1529
721
9457
6765
504
4125
419
8913
5078
2703
5161
9458
63
2466
2977
8340
643
2368
4892
162
879
3759
701
5310
4322
3815
5965
6899
1266
5798
1599
1168
6853
5755
3233
6650
5077
8433
2818
3796
1882
6846
7746
5013
2608
2747
3010
8833
6202
1721
6394
4382
8737
2032
4416
3099
5701
54
4790
7140
699
503
8708
8460
7288
3500
4604
7585
2834
2592
9357
4511
9102
7844
5500
7978
7072
7777
2036
9337
8321
5821
3089
5397
4378
5791
6076
4107
5006
7315
7012
8805
4675
8500
247
8974
9193
3766
2448
6302
5117
5809
9250
3184
3369
5955
2958
9910
4706
2213
9572
5295
8577
6869
6916
4315
6807
1147
6271
7019
8103
8859
7830
2695
7821
8385
4800
5676
8033
9799
8995
7684
7845
5996
964
3151
9726
6965
4040
8709
9287
2885
5298
5313
2991
1627
9629
731
7567
5714
9312
4812
8226
9683
798
825
9671
620
9270
9371
5234
1645
3074
9991
2761
4833
8952
2528
2933
5697
9477
7447
3050
2751
5220
479
4152
4440
7960
3022
8124
9542
9899
4321
4535
5216
6660
4894
4103
6251
1449
8585
1932
4997
6378
8141
5128
7711
6757
911
1088
6883
5358
7837
2709
2896
111
3364
2076
3660
5425
9345
429
6035
7261
6982
7358
9525
8926
8462
39
711
485
9144
8606
8302
2388
149
7674
9589
1954
5353
2181
5649
2550
8249
2361
8491
5023
4086
9734
7958
6194
4651
8312
2628
2422
6075
4123
4740
9112
5260
9787
7309
7071
5545
858
4827
8792
4923
5436
5830
8042
3040
1097
4127
5771
4074
8416
9974
5852
5062
4786
5943
3805
5015
8667
2663
5003
7616
5146
8961
3892
9935
2519
2382
7438
5756
4198
444
5275
3778
6848
2207
2698
2705
9785
950
5517
7909
8618
1692
5024
8508
784
4678
348
286
9926
8705
6852
5395
8262
2890
9528
8367
1085
9883
8841
2788
6931
150
754
5786
8524
8057
2461
4791
8765
5048
3265
4756
5282
520
9507
9314
4579
2136
5159
4543
3959
2294
6341
709
2455
5322
2399
6882
8458
2038
7353
1314
1974
4734
9408
3859
8759
7877
6791
7906
7926
2000
5831
980
936
9382
5537
6469
816
4769
3823
3343
4403
3925
2062
6062
6123
2209
6107
9082
6406
1500
6205
8441
8538
9737
862
9142
7691
4576
5076
15
2510
3289
6919
3935
1255
273
6742
5020
7120
2465
6646
1713
7193
4384
2398
6386
7439
3513
1807
3312
1613
568
5824
1578
7286
758
7641
2176
2491
3323
7793
7806
1264
3617
9778
6163
6198
6528
4236
3656
5222
9912
9097
4557
391
4260
9202
9749
817
1437
7643
2149
9211
9444
181
1242
4054
3685
8635
7148
3468
2607
7268
6347
3293
5240
1489
4695
6029
9537
2144
5696
9092
2952
9479
7084
7252
5056
2736
8985
4278
5921
575
5725
484
834
9445
7009
2276
1988
1386
3827
670
5121
3094
7525
7753
5455
3029
8087
4905
1724
1270
8527
8088
6423
6583
7648
692
1114
2731
4098
8286
2239
9662
4939
1128
2808
7894
8229
3582
7003
8457
8039
5217
4621
3760
7125
5593
2634
3072
8389
1756
8213
7679
8365
9063
1761
6014
7872
8931
4541
425
9163
8693
5499
1159
3405
58
5906
5539
6349
1208
7988
9241
4803
5863
652
8676
5243
922
7281
3013
9157
8960
3460
387
3084
5737
34
3278
9133
9895
7807
5417
8713
9322
5390
2624
4742
2568
1906
7558
174
7754
225
5423
4435
9644
3403
2356
9522
558
9667
3430
3396
1575
2821
3189
243
1845
6592
5475
4160
8987
6026
7899
7097
614
6213
882
9420
59
6342
4001
2055
8962
3623
9045
9111
7299
8675
463
1785
9355
5087
6344
7083
2908
8402
5196
2971
8691
7040
8323
9242
1010
6668
1376
2748
5344
9800
264
3290
8617
4784
1347
389
7267
4872
5101
9449
3523
4367
1934
1404
881
7667
8082
9891
8576
3693
5355
7541
8726
1685
4374
5718
4495
1743
5946
4024
7444
5757
9541
13
5931
3984
680
1461
6073
9949
3081
1105
9464
2949
8320
3592
2712
397
6867
1774
1499
4426
4782
7239
2881
8184
6316
6236
1797
6823
3916
2161
7423
1939
3848
5359
526
1490
2183
1488
6443
6884
3344
1606
2041
4262
8405
869
7258
5486
3205
9954
1482
3413
7384
7051
8990
2578
8318
4030
7683
4325
3221
8742
7952
6492
3132
3696
6126
5433
5885
1633
2518
2330
4893
2617
9716
4471
7870
1491
8357
1748
676
1047
89
9835
2104
9138
6226
9347
3097
4272
3454
2133
7613
3463
3576
8735
5066
1702
6473
2839
5926
5443
4593
3624
5237
8494
3069
5626
625
609
8672
9366
1353
5845
9836
2569
3102
7023
7745
2092
636
7798
9031
2755
4795
8
5218
7195
8671
3570
3196
4693
4169
7763
9951
2083
3588
7581
9514
563
2404
8400
4660
2327
5928
6542
5139
6071
6488
9592
4077
5084
8130
4735
8905
1166
6385
1226
2920
5600
4514
7319
8431
7219
5493
7146
4000
7488
4287
4252
3023
1949
8094
5612
6586
8304
9807
4995
8352
9538
1355
7184
1668
1
5177
5918
3936
1344
1029
1715
4506
6580
690
9125
8464
3337
1875
5476
2878
2593
7638
9918
2171
1420
9986
300
4891
542
3353
4050
4522
2526
7220
3144
1729
4700
5028
555
5370
2882
8965
8047
2103
2370
9422
2471
5690
55
9529
6315
3031
9669
6442
3577
616
7954
2849
7672
607
8434
2278
9149
8750
1513
2184
2795
8655
2587
9230
778
7335
6091
7363
613
1140
210
635
214
7280
5149
9180
1543
8722
1884
8802
782
408
5656
6281
8670
5833
946
3991
1381
6122
837
1979
5949
5191
4632
4895
1511
2798
7489
6819
621
5363
9585
3992
573
7955
8980
2177
8933
6396
4902
1891
5300
8035
385
9257
8289
2322
987
9797
9576
8332
6622
4466
7797
2866
3718
3227
8399
1591
4497
4765
8255
9301
4813
4914
2697
7736
7306
3728
5408
654
2097
7024
8822
4749
2648
6311
4143
6925
369
6471
1740
8526
877
3313
3768
8156
2355
3019
2674
237
6053
8008
5018
2656
8501
5188
4837
9844
2488
3361
8647
6993
2324
6156
2484
6472
1056
9915
1981
3473
7394
615
1092
2499
6540
7681
3475
6404
4216
4170
8272
7570
6193
6477
6729
4624
5064
4906
86
6225
3407
7278
1104
2365
6300
2937
196
1018
2918
5252
5450
7139
4882
3904
3521
7111
4599
7515
6809
2981
6974
5247
6253
4473
3745
1983
3672
6905
6842
3694
4091
7839
2139
204
4871
824
494
5245
7360
3945
4310
3140
8101
7987
5074
5447
6480
1776
7523
929
4692
1198
2085
6717
7506
6125
5197
2495
152
2129
7690
3525
3116
735
8790
1237
209
5665
5435
1444
5595
8679
9190
5657
1065
1412
7013
6904
8853
5193
7854
4022
3218
7209
4666
3354
8957
6425
5881
4877
7656
9271
5142
9666
4282
4286
9570
5647
8903
9505
1793
4463
7961
8819
1916
9014
1471
5672
4598
5339
4168
7846
2948
6651
3030
7637
1232
9437
7314
28
6966
9517
4033
1561
1914
1009
9106
3496
314
8488
6631
2809
5662
8949
9127
7907
600
6177
2945
3985
4227
8300
6530
8232
9442
4218
1267
1384
6674
8158
4596
3228
5206
7443
4727
9731
4314
178
6295
9673
1276
9620
2437
6461
2547
4430
2261
9718
8134
6467
5296
7652
2145
6779
5916
6862
4090
6161
277
7355
4938
3595
5257
8596
1839
3721
4595
1771
6319
4703
3286
6687
9130
4998
6522
3958
7375
4568
1133
2548
5094
6405
3207
679
3597
1777
6918
4744
5287
5779
8097
8106
5568
6834
7351
9558
2995
6008
4362
1502
7788
9533
6138
5976
3981
9061
155
3730
5993
7779
6419
2285
441
534
1239
5894
7756
5614
4638
7214
5641
3547
1215
4350
3153
9155
7048
7151
9996
9295
3039
6136
7452
3626
5909
6642
3302
4797
1143
3034
9381
7232
8230
759
984
3437
6345
3255
8180
3231
5400
9909
5460
8928
9783
4254
3160
968
3367
9781
9245
7257
7224
7625
4468
2378
3461
3317
1291
221
5488
2132
9043
1109
9818
5572
4304
3052
7234
4155
6278
5017
2238
2871
94
9536
2800
990
9476
7710
9081
4021
2010
7400
9870
7749
8747
5674
2964
8224
3271
7361
6593
3155
9200
6632
1929
3244
6128
5683
1850
4853
1626
4194
6551
3200
5675
9308
7771
5416
7235
6479
7052
8450
726
8668
8046
9985
4337
3902
6547
4014
7794
5927
8565
1317
8786
4039
880
3866
734
9735
576
2310
1804
553
1649
9699
4477
1325
671
7878
4214
6688
8595
2066
8507
8753
3632
944
2222
7004
6004
8073
8294
8368
3781
2922
5807
95
1178
5478
8935
9643
6245
695
1460
7378
9233
6752
8785
4213
3292
1629
1433
4824
7434
619
5342
9268
9277
9012
1872
8358
2879
8175
1847
1524
7428
5591
4490
3439
1673
3373
4047
3281
9099
7588
9758
4299
9315
9462
5590
6290
7102
5850
5538
3325
9712
8548
6274
6452
1749
7034
8061
4266
5849
2119
4607
6845
8083
9769
5431
3187
7035
7073
2430
9817
6892
2306
7991
5412
428
9327
3821
1102
3104
8442
7499
3382
9484
4346
7752
9833
5329
5924
4173
8794
4104
3602
4505
2915
3192
5858
9100
8571
6851
5744
5962
2863
3386
1130
9595
6726
4134
9789
8887
7863
6698
6151
3238
293
9175
8254
7601
6748
4861
7131
1742
45
3828
3986
829
312
3054
4834
3046
2147
916
3499
8325
2240
7132
4683
1216
8871
2353
3931
5487
133
9905
5386
2150
6558
5726
7478
5213
2128
9253
9929
8604
7758
5561
72
6626
5131
5552
3301
5278
9215
3688
3164
1866
7228
3809
3154
6739
1609
119
7410
8626
4186
7223
4551
9524
4184
6719
6500
367
8542
3669
9696
777
1308
3333
6981
8438
5125
2713
4005
2719
8469
9361
2982
5950
1118
2684
6624
1576
583
9385
5378
1354
9058
6772
8685
5215
6908
7847
1322
6328
349
866
6782
2759
8096
7179
5221
271
1520
6581
5660
9553
2406
9364
5602
8911
2606
7418
6366
9965
3079
3212
9760
8299
2094
667
1015
78
1693
7666
7187
6023
465
9804
8131
5403
7565
9631
278
562
7805
4586
7620
6323
7486
2099
4038
9691
6536
1004
99
6305
9497
9764
2280
6099
579
5396
295
179
9273
3528
7721
1466
3309
5836
6983
684
1865
3193
2814
1062
7514
4562
6897
8217
8901
2844
9950
1953
835
9978
6544
1220
1751
1487
1431
5014
7929
2199
427
4326
7229
1362
4191
7913
3620
5132
3216
3637
9850
6208
1857
9086
973
6180
3585
5710
5866
7751
1157
5667
3962
4383
7463
4908
6844
9732
5047
6736
5073
3055
783
9971
7270
5566
8093
5789
3259
2173
9409
1669
9052
7688
6913
9661
6946
9154
450
1753
4699
6906
3988
3703
3195
9575
928
2049
1937
5510
2962
1784
8842
257
5960
2895
3076
7104
1767
7836
6783
8228
4185
8216
4133
933
2864
140
9566
4572
9856
7959
9593
4111
5671
7460
6265
7993
2753
846
1887
3106
2650
4590
3257
233
9808
2563
1447
3573
5293
9229
8257
2850
5157
1588
9548
9569
4398
7091
9071
3400
2367
6760
3775
5051
7986
4158
5986
3978
4648
5847
7511
8123
6453
8800
2764
8026
567
4608
1057
5383
7087
4841
5556
5795
545
1217
883
1747
924
8566
8869
8614
4709
5541
3612
1624
9280
8540
1367
3835
5700
9640
9876
1998
4728
9720
1925
6579
606
7490
404
9959
9272
5748
4405
9984
315
5200
4204
7237
6238
2954
356
685
3377
3867
3548
1827
6303
2997
8711
5801
9762
3836
4342
5474
518
8112
9020
7018
4189
7880
228
9210
1671
338
9346
2411
3130
223
9181
3115
1465
8116
2342
396
3203
767
8157
9300
2680
7164
5506
550
5679
3252
332
4275
2925
9456
1728
3998
8361
9259
353
722
1746
2573
1058
2086
3989
7760
9982
3249
5251
4221
6498
5246
469
7307
1162
9657
7312
159
2408
6088
6723
2362
1931
3199
6343
1933
2696
1077
4190
5505
1871
9715
4618
70
6696
381
4045
5646
6259
2077
5940
3401
878
1825
2633
7437
7451
4070
5496
8834
8344
5970
188
3574
2939
3967
5722
1369
5655
7606
9819
9988
5823
4821
6003
9032
5072
9205
1382
5688
1976
3670
26
2068
1402
8410
700
6117
9775
3558
166
6159
1643
4385
6335
4142
2159
176
8654
3584
2046
4768
9004
3027
7590
8328
4774
4432
7497
4662
9483
2116
6907
6587
6353
5283
647
148
6985
2142
5497
252
1620
4619
104
2950
9249
4869
8371
1515
8235
3279
6346
8055
6790
4181
7534
3774
7599
2386
7589
9494
130
8920
5776
6525
8181
2140
1197
2686
6402
566
5225
9450
649
1659
4899
8991
9369
551
487
4609
769
6195
7823
7865
9121
462
2141
7548
4529
8533
5567
8703
4911
4913
7901
3971
5526
7938
6727
9846
4584
3512
4725
7983
7467
7425
8160
4819
6015
5650
5307
552
3850
8280
6511
9824
5638
8292
6244
360
384
3266
4623
379
6337
8696
2446
3213
5230
5620
5895
7940
9521
2873
9218
5312
994
7255
4388
8889
1640
7716
4966
7622
1991
8395
5862
7675
235
8253
9724
8943
7323
5061
3846
6921
4918
664
1278
1615
9087
5027
7144
5413
1033
9826
1684
4366
79
5518
9311
5288
9676
4177
2860
7665
5855
3849
8982
4202
3033
1457
7078
1277
7116
6201
8728
5385
5258
6836
1306
2279
4226
2611
1374
1201
1704
3964
7182
935
4804
6262
5271
3713
1458
1377
2676
1566
8024
9448
9390
8807
5264
5464
6997
2485
7222
1419
5840
1289
4828
6206
6501
7591
6773
8516
9512
3706
170
154
6681
9262
2091
1680
9140
9829
8969
6032
7041
7800
3881
8022
2726
165
8639
8904
5041
97
6219
6840
8628
9834
6970
2483
2640
8846
9148
6909
1184
121
7516
6441
7647
1288
2635
8948
8117
1783
9534
3724
1307
144
1274
7154
1978
1539
7761
231
5569
3262
1463
3380
1038
4361
9695
4115
4949
1951
7059
8243
9399
5685
1593
9354
7405
8315
710
6438
3519
4610
4121
9634
5559
2914
8023
4778
5616
6143
5334
9748
177
6940
7477
5108
5163
8419
1357
307
8121
5232
114
5741
7055
7765
1485
4410
8851
9812
4122
6294
2377
2095
5214
7033
8342
5356
5596
2912
3170
8970
7304
8498
5281
9035
4991
5152
3204
6027
2685
9928
7835
7127
345
7032
6282
2020
9625
6577
3422
2894
5401
6171
8574
6957
8865
8483
3149
745
4686
4333
216
1888
2146
9591
2179
6176
7420
1028
4825
7346
9040
5886
8290
9953
2904
511
738
4220
8922
847
4496
3498
1917
9415
6322
9637
8897
5703
888
4912
9651
7603
998
3680
6661
2507
2478
5997
5773
1986
9196
2458
3714
2571
5758
5735
6445
8307
9721
4306
4842
6296
8509
2944
7597
2743
6740
6692
5176
4801
3310
5498
4228
9925
8950
4354
9383
624
7891
4145
2325
7718
4424
7014
6435
2524
7562
5424
629
530
7202
1251
9254
6952
3563
2127
2169
5515
4820
8374
8558
7956
7859
7826
5838
1787
287
6089
6207
8291
8684
175
5143
6881
2988
9330
308
4868
7057
8140
1634
2531
2553
8769
5884
3532
9861
470
9938
4981
2433
496
7903
7659
8309
1689
4102
8231
7520
3173
2005
495
4257
3226
8401
2256
830
3546
8534
1070
3109
7100
3614
498
5905
2194
3174
3983
5810
6744
9610
6464
8613
951
212
3568
9028
7191
9890
2867
7285
7568
8167
1069
7503
4355
5033
642
8615
4251
7218
4739
848
4023
4652
2034
4370
1616
8944
3201
3409
3630
7713
7792
538
1300
5494
7774
1694
6977
6055
326
7778
5189
8573
6559
8392
3691
1959
7750
1547
265
9329
1546
1256
1574
3277
6372
3459
4589
1222
9500
3813
2621
947
1066
7574
1995
1573
1115
376
2584
7128
5127
6080
3856
2530
8189
7855
6562
9792
1113
6085
1059
3780
1714
3181
7455
1399
9159
4148
2869
5082
291
5633
8998
7957
8330
4789
4729
6711
8258
4929
9600
9388
7015
330
4182
3933
7254
8256
2329
4701
9993
739
4781
2379
4817
874
5792
1001
9434
8282
24
4718
2206
3490
9379
9977
344
8938
8196
9274
2854
9294
7810
1310
8986
2552
4244
8835
9701
921
8814
5760
8029
1258
2610
1945
749
4149
3553
211
5365
8142
971
9555
727
7772
8182
2248
6932
9656
6399
6531
1145
6279
5530
7070
1658
7039
4100
2837
3501
3156
6079
9030
593
6722
8521
9054
2832
2412
2984
4106
2160
8625
6998
1663
1426
4328
7472
6094
4870
2001
2473
7817
4397
6987
1021
3565
7028
704
8791
4068
728
4934
5793
6833
9204
4732
1927
5983
2120
1336
4767
1063
4006
6162
5890
5659
5956
5276
9922
2888
7626
2390
1526
322
5382
3653
8194
6249
9076
2262
6451
5846
5071
8855
7311
7580
7074
2289
8203
4836
1722
5666
9454
7245
8996
2704
4018
7555
5418
9751
7000
281
7630
4171
9578
6210
1290
4888
6287
9567
4207
9940
1469
8621
683
6380
4933
9932
7345
5481
4722
7924
5896
7163
4292
9098
3329
1900
3531
9137
3444
5145
9955
4406
2019
4956
9642
5637
142
3385
3908
100
6858
4626
6224
7939
4088
1952
594
8510
507
3493
5876
7331
157
9433
2923
8732
3057
2824
3477
6381
5228
853
9583
7275
1338
8027