84
243
107
221
29
50
149
405
58
189
34
128
148
424
96
325
442
188
18
418
262
379
308
426
473
134
459
452
398
316
284
99
294
125
119
211
39
449
370
116
1
45
234
269
248
5
350
340
157
302
317
163
150
365
177
436
259
126
475
462
411
497
338
171
184
312
434
176
309
444
295
422
363
281
265
67
321
158
278
364
300
141
369
458
169
48
358
122
460
244
466
305
253
415
47
395
30
431
296
180
406
143
469
80
381
289
76
137
15
173
420
144
231
237
493
245
451
335
464
130
376
59
435
72
140
347
402
179
55
97
206
239
120
386
280
66
57
199
461
14
178
301
307
111
92
186
17
327
499
147
413
226
103
63
483
215
20
382
432
88
261
0
320
222
304
403
145
427
7
270
74
360
374
478
267
357
384
446
378
204
341
241
27
388
65
429
56
127
156
313
498
212
25
482
192
324
85
89
213
214
337
377
68
263
185
91
6
228
319
416
303
326
115
443
31
51
195
46
32
10
448
349
24
454
486
236
129
114
187
273
362
352
266
354
445
472
288
430
481
390
77
198
224
401
240
387
182
135
346
371
408
359
64
23
298
133
233
168
172
82
264
44
368
285
16
197
372
476
457
242
410
287
286
101
217
229
299
417
447
8
136
385
348
105
331
440
333
21
41
421
257
36
11
110
342
394
71
293
492
455
230
277
356
246
193
412
479
108
49
98
456
467
194
310
86
276
26
196
183
438
175
250
69
247
216
275
491
465
94
487
166
389
439
219
450
334
380
474
60
258
283
73
40
95
152
218
113
165
235
232
33
28
279
249
153
375
396
453
252
425
9
43
441
123
353
256
117
19
366
322
238
409
164
227
485
271
210
311
87
397
4
468
62
437
355
393
260
268
414
139
471
495
484
81
490
291
433
159
290
496
181
391
83
336
42
306
383
78
170
404
297
13
282
419
154
203
332
54
272
423
174
323
162
38
104
190
90
102
52
3
223
151
112
118
205
146
200
345
155
489
318
22
202
121
132
161
201
254
142
209
2
160
75
463
400
106
330
79
220
93
315
488
167
37
392
480
292
208
339
343
207
470
251
225
361
53
428
367
399
70
329
12
344
274
407
351
373
328
100
131
477
35
494
138
255
124
61
109
191
314